4444
0 0 4 1
0 2 11 2
0 3 11 3
0 4 1 9
0 10 0 21
0 22 7 22
0 23 0 30
0 31 8 31
0 32 2 34
0 35 0 44
0 45 11 45
0 46 0 55
0 56 1 60
0 61 9 61
0 62 1 67
0 68 1 73
0 74 3 75
0 76 9 76
0 77 5 78
0 79 1 84
0 85 0 93
0 94 4 95
0 96 3 97
0 98 0 107
0 108 0 119
0 120 0 131
0 132 0 142
0 143 0 154
0 155 0 166
0 167 5 168
0 169 8 169
0 170 1 175
0 176 0 186
0 187 9 187
0 188 1 193
0 194 4 195
0 196 0 205
0 206 5 207
0 208 0 217
0 218 9 218
0 219 10 219
0 220 5 221
0 222 0 232
0 233 10 233
0 234 3 236
0 237 11 237
0 238 3 240
0 241 4 242
0 243 8 243
0 244 10 244
0 245 2 247
0 248 4 249
1 10 6 11
1 12 4 14
1 15 2 20
1 21 11 21
1 23 4 25
1 26 4 28
1 29 11 29
1 30 11 30
1 35 1 43
1 44 10 44
1 46 10 46
1 47 3 49
1 50 12 50
1 51 12 51
1 52 11 52
1 53 10 53
1 54 10 54
1 55 10 55
1 85 10 85
1 86 2 90
1 91 10 91
1 92 10 92
1 98 1 107
1 108 4 110
1 111 3 114
1 115 12 115
1 116 2 119
1 120 3 123
1 124 11 124
1 125 4 127
1 128 11 128
1 129 5 130
1 131 1 141
1 142 2 147
1 148 8 148
1 149 2 154
1 155 3 157
1 158 4 160
1 161 2 165
1 166 8 166
1 176 1 183
1 184 11 184
1 185 8 185
1 186 11 186
1 196 12 196
1 197 6 198
1 199 2 204
1 205 9 205
1 208 3 210
1 211 2 216
1 217 11 217
1 222 1 232
2 4 13 4
2 5 10 5
2 6 7 7
2 8 13 8
2 35 4 37
2 38 3 43
2 56 5 58
2 59 12 59
2 60 10 60
2 62 11 62
2 63 13 63
2 64 13 64
2 65 12 65
2 66 13 66
2 68 9 68
2 70 4 73
2 79 5 81
2 82 10 82
2 83 7 84
2 98 2 106
2 107 13 107
2 131 9 131
2 132 9 132
2 133 5 135
2 136 13 136
2 137 3 141
2 170 2 181
2 182 7 183
2 188 4 191
2 192 12 192
2 193 10 193
2 222 13 222
2 223 4 226
2 227 5 229
2 230 12 230
2 231 7 232
3 15 14 15
3 16 8 17
3 18 14 18
3 19 12 19
3 20 14 20
3 32 6 34
3 67 14 67
3 69 14 69
3 86 14 86
3 87 13 87
3 88 8 89
3 90 14 90
3 98 10 98
3 99 8 100
3 101 14 101
3 102 8 103
3 104 12 104
3 105 13 105
3 106 14 106
3 116 14 116
3 117 5 119
3 142 4 147
3 149 11 149
3 150 8 151
3 152 5 154
3 161 11 161
3 162 6 164
3 165 14 165
3 170 4 174
3 175 12 175
3 176 5 179
3 180 8 181
3 199 7 200
3 201 8 202
3 203 14 203
3 204 13 204
3 211 5 214
3 215 8 216
3 245 5 247
4 38 9 39
4 40 14 40
4 41 6 43
4 47 9 48
4 49 12 49
4 74 14 74
4 75 15 75
4 96 8 97
4 111 15 111
4 112 7 114
4 120 15 120
4 121 8 122
4 123 15 123
4 137 5 140
4 141 15 141
4 155 7 157
4 208 7 210
4 234 15 234
4 235 9 236
4 239 8 240
5 0 14 0
5 1 16 1
5 12 15 12
5 13 9 14
5 23 10 24
5 25 8 26
5 27 16 27
5 28 16 28
5 35 13 35
5 36 16 36
5 71 10 72
5 73 14 73
5 93 7 95
5 108 9 109
5 110 16 110
5 125 8 126
5 127 15 127
5 142 15 142
5 143 8 145
5 146 14 146
5 158 8 160
5 170 9 171
5 172 13 172
5 173 16 173
5 174 16 174
5 188 9 189
5 190 10 191
5 194 12 194
5 195 16 195
5 223 10 224
5 225 14 225
5 226 16 226
5 241 16 241
5 242 16 242
5 248 16 248
5 249 15 249
6 56 15 56
6 57 11 58
6 77 17 77
6 78 7 81
6 117 14 117
6 118 16 118
6 119 17 119
6 129 9 130
6 133 9 135
6 137 11 138
6 139 16 139
6 140 16 140
6 152 17 152
6 153 17 153
6 154 17 154
6 167 15 167
6 168 15 168
6 176 17 176
6 177 15 177
6 178 16 178
6 206 16 206
6 207 17 207
6 211 8 214
6 220 11 221
6 227 10 228
6 245 13 245
6 246 9 247
7 9 10 10
7 11 18 11
7 32 14 32
7 33 12 34
7 41 16 41
7 42 12 43
7 70 18 70
7 162 11 163
7 164 17 164
7 197 18 197
7 198 18 198
7 229 18 229
7 238 18 238
8 6 13 7
8 22 19 22
8 78 11 80
8 81 18 81
8 83 13 84
8 93 10 95
8 112 19 112
8 113 19 113
8 114 15 114
8 155 17 155
8 156 13 157
8 182 17 182
8 199 13 200
8 208 11 210
8 231 19 231
8 232 18 232
9 16 20 16
9 17 19 17
9 25 16 25
9 26 18 26
9 31 20 31
9 37 20 37
9 88 19 88
9 89 19 89
9 96 20 96
9 97 19 97
9 99 17 99
9 102 17 102
9 121 19 121
9 122 20 122
9 125 18 125
9 126 19 126
9 143 14 144
9 145 20 145
9 147 13 148
9 150 18 150
9 151 20 151
9 158 19 158
9 160 20 160
9 169 19 169
9 180 19 180
9 181 16 181
9 185 19 185
9 201 14 202
9 211 18 211
9 212 18 212
9 213 12 215
9 216 19 216
9 239 20 239
9 240 20 240
9 243 18 243
10 13 21 13
10 38 21 38
10 39 20 39
10 47 14 48
10 61 20 61
10 68 20 68
10 76 18 76
10 100 21 100
10 108 21 108
10 109 18 109
10 129 11 133
10 134 18 134
10 135 20 135
10 159 21 159
10 170 21 170
10 171 21 171
10 179 21 179
10 187 13 189
10 218 20 218
10 235 15 236
10 246 19 246
10 247 18 247
11 5 22 5
11 9 21 9
11 10 19 10
11 23 22 23
11 24 21 24
11 44 22 44
11 46 22 46
11 53 22 53
11 54 18 54
11 55 20 55
11 60 22 60
11 71 22 71
11 72 22 72
11 82 22 82
11 85 19 85
11 91 15 92
11 93 22 93
11 94 21 94
11 95 22 95
11 98 18 98
11 190 22 190
11 191 21 191
11 193 22 193
11 219 21 219
11 223 16 224
11 233 20 233
11 244 19 244
12 2 22 2
12 3 19 3
12 29 16 30
12 52 20 52
12 57 19 57
12 58 22 58
12 62 19 62
12 79 17 80
12 124 20 124
12 128 22 128
12 129 17 130
12 131 21 131
12 132 22 132
12 137 17 138
12 149 21 149
12 161 22 161
12 162 17 163
12 166 23 166
12 184 23 184
12 186 20 186
12 208 23 208
12 209 17 210
12 217 21 217
12 220 17 221
12 227 17 228
13 19 22 19
13 33 18 34
13 42 20 42
13 43 23 43
13 49 18 50
13 51 22 51
13 59 24 59
13 65 24 65
13 103 24 103
13 104 22 104
13 115 22 115
13 133 24 133
13 175 24 175
13 192 24 192
13 194 22 194
13 196 22 196
13 213 24 213
13 214 24 214
13 215 21 215
13 230 23 230
13 237 24 237
14 4 24 4
14 6 23 6
14 7 19 8
14 14 25 14
14 35 23 35
14 63 25 63
14 64 24 64
14 66 23 66
14 83 25 83
14 84 24 84
14 87 24 87
14 105 24 105
14 107 22 107
14 147 19 148
14 156 18 157
14 172 24 172
14 183 25 183
14 187 18 188
14 189 25 189
14 199 19 200
14 204 25 204
14 222 25 222
14 245 25 245
15 15 23 15
15 18 25 18
15 20 19 21
15 32 22 32
15 40 26 40
15 47 25 47
15 48 23 48
15 67 26 67
15 73 19 74
15 78 26 78
15 86 26 86
15 101 24 101
15 106 26 106
15 116 23 116
15 136 26 136
15 143 25 143
15 144 25 144
15 146 23 146
15 165 26 165
15 201 25 201
15 202 19 203
15 225 26 225
16 12 27 12
16 56 27 56
16 69 27 69
16 75 27 75
16 90 18 92
16 111 27 111
16 114 27 114
16 123 26 123
16 127 26 127
16 141 25 141
16 167 21 168
16 177 27 177
16 205 27 205
16 234 19 236
16 249 23 249
17 0 22 1
17 25 25 25
17 27 22 28
17 30 27 30
17 36 26 36
17 41 26 41
17 110 26 110
17 118 26 118
17 120 28 120
17 139 27 139
17 140 27 140
17 173 21 174
17 178 25 178
17 181 24 181
17 195 28 195
17 206 27 206
17 223 26 223
17 224 28 224
17 241 25 241
17 242 28 242
17 248 27 248
18 77 29 77
18 79 22 80
18 99 29 99
18 102 28 102
18 117 29 117
18 119 29 119
18 129 21 130
18 137 29 137
18 138 29 138
18 142 29 142
18 152 23 153
18 154 23 155
18 162 21 164
18 176 29 176
18 182 27 182
18 207 29 207
18 209 23 210
18 220 28 220
18 221 28 221
18 226 21 228
19 11 28 11
19 26 29 26
19 33 24 34
19 45 30 45
19 49 24 50
19 54 28 54
19 76 30 76
19 81 26 81
19 90 24 91
19 92 29 92
19 98 29 98
19 109 30 109
19 125 30 125
19 150 30 150
19 156 28 156
19 157 29 157
19 187 28 187
19 188 29 188
19 197 30 197
19 198 30 198
19 211 30 211
19 212 29 212
19 229 30 229
19 238 29 238
19 243 30 243
19 247 28 247
20 3 29 3
20 7 30 7
20 8 31 8
20 10 30 10
20 17 31 17
20 20 31 20
20 21 24 22
20 62 29 62
20 70 31 70
20 73 28 73
20 74 30 74
20 85 31 85
20 88 28 88
20 89 31 89
20 97 30 97
20 112 25 113
20 121 31 121
20 147 31 147
20 148 31 148
20 158 31 158
20 180 30 180
20 185 30 185
20 199 27 199
20 200 30 200
20 202 25 203
20 216 30 216
20 231 31 231
20 232 31 232
20 234 31 234
20 235 25 236
20 244 29 244
20 246 31 246
21 16 28 16
21 31 29 31
21 37 31 37
21 39 30 39
21 42 29 42
21 52 31 52
21 55 32 55
21 57 32 57
21 61 31 61
21 68 32 68
21 96 31 96
21 122 32 122
21 126 32 126
21 135 32 135
21 145 32 145
21 151 32 151
21 186 32 186
21 218 31 218
21 233 31 233
21 239 25 240
22 9 32 9
22 13 29 13
22 38 31 38
22 94 29 94
22 100 33 100
22 129 25 130
22 149 32 149
22 159 26 160
22 162 30 162
22 163 26 164
22 167 23 171
22 173 33 173
22 174 33 174
22 179 32 179
22 191 29 191
22 217 31 217
22 219 32 219
22 226 33 226
22 227 27 228
23 0 33 0
23 1 28 2
23 5 34 5
23 23 33 23
23 27 34 27
23 32 30 32
23 44 33 44
23 46 31 46
23 51 31 51
23 53 32 53
23 58 34 58
23 60 33 60
23 71 32 71
23 72 34 72
23 79 26 80
23 82 31 82
23 93 33 93
23 95 34 95
23 104 32 104
23 107 27 108
23 115 31 115
23 128 34 128
23 131 26 132
23 161 34 161
23 193 34 193
23 194 32 194
23 215 34 215
24 6 34 6
24 15 34 15
24 24 35 24
24 28 35 28
24 43 35 43
24 48 35 48
24 66 35 66
24 116 35 116
24 146 34 146
24 152 35 152
24 153 34 153
24 154 32 154
24 155 31 155
24 166 26 168
24 169 27 170
24 171 35 171
24 184 33 184
24 190 35 190
24 208 28 209
24 210 34 210
24 230 33 230
24 249 34 249
25 21 35 21
25 33 36 33
25 34 30 35
25 49 35 49
25 50 36 50
25 59 34 59
25 64 33 64
25 65 35 65
25 84 34 84
25 87 36 87
25 90 30 91
25 101 35 101
25 103 36 103
25 133 30 134
25 172 36 172
25 181 35 181
25 192 34 192
25 213 35 213
25 237 34 237
26 18 37 18
26 19 37 19
26 25 35 25
26 47 35 47
26 63 37 63
26 83 37 83
26 112 37 112
26 124 37 124
26 129 31 130
26 141 35 141
26 143 31 144
26 178 37 178
26 183 34 183
26 189 37 189
26 196 37 196
26 201 36 201
26 202 34 202
26 203 35 203
26 222 37 222
26 235 37 235
26 236 37 236
26 239 36 239
26 240 37 240
26 241 37 241
26 245 35 245
27 14 38 14
27 36 34 36
27 40 38 40
27 41 37 41
27 67 38 67
27 78 34 78
27 79 30 81
27 106 37 106
27 110 38 110
27 118 35 118
27 123 38 123
27 127 35 127
27 131 38 131
27 136 35 136
27 159 38 159
27 163 28 168
27 214 38 214
27 223 37 223
28 12 38 12
28 22 39 22
28 29 31 30
28 56 38 56
28 69 37 69
28 75 38 75
28 107 37 107
28 108 39 108
28 111 39 111
28 113 33 114
28 132 39 132
28 139 33 140
28 160 39 160
28 169 33 170
28 182 38 182
28 204 32 205
28 206 38 206
28 227 33 228
28 248 38 248
29 1 34 2
29 11 39 11
29 16 40 16
29 54 37 54
29 73 38 73
29 88 38 88
29 102 38 102
29 120 36 120
29 156 40 156
29 163 39 163
29 164 30 167
29 168 38 168
29 177 40 177
29 187 40 187
29 208 40 208
29 209 39 209
29 220 40 220
29 221 37 221
29 224 40 224
29 242 39 242
29 247 40 247
30 3 40 3
30 13 41 13
30 26 37 26
30 31 37 31
30 42 41 42
30 62 41 62
30 77 41 77
30 92 38 92
30 94 41 94
30 98 38 98
30 99 41 99
30 117 39 117
30 137 40 137
30 138 40 138
30 142 39 142
30 157 41 157
30 176 37 176
30 188 38 188
30 191 39 191
30 207 41 207
30 244 40 244
31 7 40 7
31 10 40 10
31 32 38 32
31 34 42 34
31 35 42 35
31 74 42 74
31 76 42 76
31 79 35 80
31 90 36 91
31 97 39 97
31 105 42 105
31 109 41 109
31 119 42 119
31 125 42 125
31 133 41 133
31 134 40 134
31 150 39 150
31 164 34 166
31 167 40 167
31 180 40 180
31 185 42 185
31 197 34 199
31 200 41 200
31 211 34 212
31 216 39 216
31 229 42 229
31 243 40 243
32 8 42 8
32 17 42 17
32 20 42 20
32 29 43 29
32 30 39 30
32 37 43 37
32 38 43 38
32 39 43 39
32 51 36 52
32 61 41 61
32 81 37 82
32 85 40 85
32 86 43 86
32 89 43 89
32 96 42 96
32 115 43 115
32 121 42 121
32 129 36 130
32 143 41 143
32 144 42 144
32 147 43 147
32 148 43 148
32 155 41 155
32 158 43 158
32 217 43 217
32 218 39 218
32 231 35 232
32 233 36 234
32 246 41 246
33 9 42 9
33 53 44 53
33 55 41 55
33 57 44 57
33 68 41 68
33 71 44 71
33 104 44 104
33 122 42 122
33 126 44 126
33 135 44 135
33 145 42 145
33 149 42 149
33 151 42 151
33 154 40 154
33 179 42 179
33 186 40 186
33 194 43 194
33 204 38 205
33 219 43 219
33 238 44 238
34 44 41 44
34 60 43 60
34 64 41 64
34 70 45 70
34 93 45 93
34 113 39 114
34 139 37 140
34 162 45 162
34 169 38 170
34 173 45 173
34 174 38 175
34 184 44 184
34 225 39 226
34 227 38 228
34 230 42 230
35 0 39 1
35 2 46 2
35 4 38 6
35 15 45 15
35 23 46 23
35 27 46 27
35 36 46 36
35 58 46 58
35 59 45 59
35 78 46 78
35 84 46 84
35 95 44 95
35 128 46 128
35 146 46 146
35 161 43 161
35 164 39 165
35 166 43 166
35 183 45 183
35 192 46 192
35 193 46 193
35 195 46 195
35 197 40 198
35 199 46 199
35 202 45 202
35 210 43 210
35 211 45 211
35 215 44 215
35 237 44 237
35 249 45 249
36 24 41 25
36 28 47 28
36 43 47 43
36 45 41 46
36 47 45 47
36 48 46 48
36 49 45 49
36 65 40 66
36 72 47 72
36 79 40 80
36 100 40 101
36 116 46 116
36 127 47 127
36 136 44 136
36 141 47 141
36 152 41 153
36 171 44 171
36 181 45 181
36 190 47 190
36 203 46 203
36 213 45 213
36 231 40 232
36 245 47 245
37 21 48 21
37 33 46 33
37 50 42 51
37 52 44 52
37 87 48 87
37 90 42 91
37 103 48 103
37 120 48 120
37 129 48 129
37 130 44 130
37 172 45 172
37 201 48 201
37 212 48 212
37 233 40 234
38 18 43 19
38 26 49 26
38 31 47 31
38 41 45 41
38 54 47 54
38 63 48 63
38 69 46 69
38 81 48 81
38 82 49 82
38 83 49 83
38 106 47 106
38 107 49 107
38 112 48 112
38 124 49 124
38 139 49 139
38 140 48 140
38 176 48 176
38 178 49 178
38 196 47 196
38 221 49 221
38 222 48 222
38 223 46 223
38 235 41 236
38 239 41 241
39 4 43 5
39 6 46 6
39 12 46 12
39 14 49 14
39 32 46 32
39 40 50 40
39 67 50 67
39 73 50 73
39 75 50 75
39 88 46 88
39 92 46 92
39 98 46 98
39 102 49 102
39 110 49 110
39 123 49 123
39 131 48 131
39 159 49 159
39 168 41 170
39 174 43 175
39 182 50 182
39 188 50 188
39 189 50 189
39 204 42 206
39 214 49 214
39 227 49 227
39 228 48 228
39 248 50 248
40 1 49 1
40 11 51 11
40 22 49 22
40 30 50 30
40 108 51 108
40 111 50 111
40 113 51 113
40 114 51 114
40 117 49 117
40 142 49 142
40 150 51 150
40 160 48 160
40 163 44 164
40 165 51 165
40 191 50 191
40 218 51 218
40 225 51 225
40 226 50 226
40 242 49 242
41 3 52 3
41 7 52 7
41 10 52 10
41 16 49 16
41 65 49 65
41 66 52 66
41 79 45 80
41 85 52 85
41 100 46 101
41 134 52 134
41 137 46 138
41 154 52 154
41 156 51 156
41 167 52 167
41 177 50 177
41 180 48 180
41 186 51 186
41 187 51 187
41 197 45 198
41 208 46 209
41 220 52 220
41 224 52 224
41 231 42 234
41 243 46 244
41 247 51 247
42 0 53 0
42 13 51 13
42 24 51 24
42 42 51 42
42 44 52 44
42 45 53 45
42 46 52 46
42 55 50 55
42 61 52 61
42 62 51 62
42 64 51 64
42 68 50 68
42 77 52 77
42 94 51 94
42 99 51 99
42 109 53 109
42 132 46 133
42 152 51 152
42 155 50 155
42 157 51 157
42 168 46 169
42 170 53 170
42 200 51 200
42 207 53 207
42 216 53 216
42 235 46 236
42 239 47 240
42 241 53 241
42 246 50 246
43 8 48 9
43 17 53 17
43 20 51 20
43 25 54 25
43 34 47 35
43 50 47 51
43 74 51 74
43 76 53 76
43 90 48 91
43 96 52 96
43 97 54 97
43 105 52 105
43 118 54 118
43 119 51 119
43 121 48 122
43 125 54 125
43 144 53 144
43 145 54 145
43 149 54 149
43 151 52 151
43 179 52 179
43 185 54 185
43 204 46 206
43 229 46 231
43 232 50 232
43 233 53 233
43 234 54 234
44 4 53 4
44 5 53 5
44 18 51 18
44 29 55 29
44 37 53 37
44 38 51 38
44 39 53 39
44 60 55 60
44 86 55 86
44 89 54 89
44 115 53 115
44 147 54 147
44 148 52 148
44 158 51 158
44 161 54 161
44 166 53 166
44 174 55 174
44 194 54 194
44 219 55 219
45 52 56 52
45 56 50 57
45 71 56 71
45 95 55 95
45 104 55 104
45 126 56 126
45 130 56 130
45 135 50 136
45 143 56 143
45 153 56 153
45 163 52 163
45 164 54 164
45 171 56 171
45 184 54 184
45 215 55 215
45 237 49 238
46 15 54 15
46 19 57 19
46 41 56 41
46 47 54 47
46 53 57 53
46 59 53 59
46 70 57 70
46 79 57 79
46 80 55 80
46 93 57 93
46 162 56 162
46 172 51 173
46 181 57 181
46 183 54 183
46 197 50 198
46 210 51 211
46 213 53 213
46 217 57 217
47 2 58 2
47 6 55 6
47 12 56 12
47 23 58 23
47 27 56 27
47 32 51 33
47 36 55 36
47 48 51 49
47 69 58 69
47 78 56 78
47 84 58 84
47 88 57 88
47 98 57 98
47 100 57 100
47 101 58 101
47 116 55 116
47 128 56 128
47 132 52 133
47 137 57 137
47 138 55 138
47 146 58 146
47 168 52 169
47 192 51 193
47 195 55 195
47 199 56 199
47 202 58 202
47 203 48 206
47 208 54 208
47 223 55 223
47 229 52 230
47 231 56 231
47 235 58 235
47 236 58 236
47 244 58 244
48 28 59 28
48 31 59 31
48 34 58 34
48 35 58 35
48 43 59 43
48 50 58 50
48 51 56 51
48 72 59 72
48 106 58 106
48 127 58 127
48 141 57 141
48 196 59 196
48 239 59 239
48 249 59 249
49 8 58 8
49 9 58 9
49 21 58 21
49 54 60 54
49 58 60 58
49 63 59 63
49 81 58 81
49 87 58 87
49 90 52 91
49 103 60 103
49 112 60 112
49 120 52 122
49 131 59 131
49 140 58 140
49 160 58 160
49 176 57 176
49 180 60 180
49 201 59 201
49 203 50 206
49 212 59 212
49 222 58 222
49 245 60 245
50 1 60 1
50 14 60 14
50 16 61 16
50 22 60 22
50 26 60 26
50 65 61 65
50 82 54 83
50 102 61 102
50 107 61 107
50 110 57 110
50 117 61 117
50 124 61 124
50 142 61 142
50 178 60 178
50 209 61 209
50 214 61 214
50 221 59 221
50 227 60 227
50 242 60 242
51 30 60 30
51 40 61 40
51 55 60 55
51 56 55 57
51 67 61 67
51 68 60 68
51 73 61 73
51 75 58 75
51 111 58 111
51 135 60 135
51 136 61 136
51 155 62 155
51 177 62 177
51 182 61 182
51 188 61 188
51 189 62 189
51 190 56 191
51 198 60 198
51 203 55 204
51 205 62 205
51 206 58 206
51 232 61 232
51 237 62 237
51 238 62 238
51 243 62 243
51 246 58 246
51 248 60 248
52 11 61 11
52 13 61 13
52 20 63 20
52 24 61 24
52 32 60 32
52 33 61 33
52 38 61 38
52 48 62 48
52 64 61 64
52 74 60 74
52 94 62 94
52 99 60 99
52 108 63 108
52 113 59 113
52 114 63 114
52 119 63 119
52 129 63 129
52 139 63 139
52 150 60 150
52 156 55 158
52 165 59 165
52 172 62 172
52 173 62 173
52 175 63 175
52 186 62 186
52 192 63 192
52 193 62 193
52 197 63 197
52 200 63 200
52 210 62 210
52 211 63 211
52 218 61 218
52 225 61 225
52 226 63 226
52 247 62 247
53 3 63 3
53 7 64 7
53 10 64 10
53 44 62 44
53 46 64 46
53 49 64 49
53 61 63 61
53 66 64 66
53 85 63 85
53 90 55 92
53 96 64 96
53 105 64 105
53 120 55 123
53 132 56 134
53 148 64 148
53 151 61 151
53 154 63 154
53 159 64 159
53 163 62 163
53 167 64 167
53 168 57 169
53 179 63 179
53 220 64 220
53 224 62 224
53 228 56 229
53 230 64 230
54 0 65 0
54 4 59 5
54 17 58 18
54 37 62 37
54 39 64 39
54 76 59 77
54 109 62 109
54 115 64 115
54 144 63 144
54 213 65 213
54 233 64 233
54 240 59 241
55 15 65 15
55 25 65 25
55 47 66 47
55 82 64 82
55 83 66 83
55 89 65 89
55 118 64 118
55 125 65 125
55 145 64 145
55 147 65 147
55 149 64 149
55 152 66 152
55 161 64 161
55 164 63 164
55 183 58 185
55 194 64 194
55 207 59 208
55 234 66 234
56 29 66 29
56 36 65 36
56 42 67 42
56 45 67 45
56 56 59 57
56 59 61 60
56 80 67 80
56 86 66 86
56 90 67 90
56 91 65 91
56 92 67 92
56 95 64 95
56 97 67 97
56 104 65 104
56 120 63 120
56 121 59 123
56 138 67 138
56 156 67 156
56 157 59 158
56 174 66 174
56 195 67 195
56 203 64 203
56 204 64 204
56 215 67 215
56 216 67 216
56 219 66 219
56 223 67 223
57 12 64 12
57 27 68 27
57 41 64 41
57 51 68 51
57 52 68 52
57 71 66 71
57 78 67 78
57 126 65 126
57 128 68 128
57 130 66 130
57 132 68 132
57 133 65 133
57 134 68 134
57 143 67 143
57 153 68 153
57 162 68 162
57 170 62 171
57 190 68 190
57 191 67 191
57 229 68 229
57 231 68 231
58 19 66 19
58 53 68 53
58 62 69 62
58 70 69 70
58 79 69 79
58 93 66 93
58 98 67 98
58 110 68 110
58 137 65 137
58 168 69 168
58 169 69 169
58 176 68 176
58 181 69 181
58 187 69 187
58 199 69 199
58 217 66 217
59 2 66 2
59 8 68 8
59 9 69 9
59 17 69 17
59 18 68 18
59 34 68 34
59 69 66 69
59 75 68 75
59 81 69 81
59 84 70 84
59 87 64 88
59 100 64 101
59 106 69 106
59 111 70 111
59 127 68 127
59 140 64 141
59 146 67 146
59 160 68 160
59 183 62 184
59 185 67 185
59 202 68 202
59 206 70 206
59 244 67 244
59 246 66 246
60 4 70 4
60 5 71 5
60 23 71 23
60 28 71 28
60 31 69 31
60 35 71 35
60 50 71 50
60 56 68 56
60 57 69 57
60 63 71 63
60 72 70 72
60 76 65 77
60 113 69 113
60 121 71 121
60 123 70 123
60 131 69 131
60 157 70 157
60 158 71 158
60 165 71 165
60 196 70 196
60 201 71 201
60 207 71 207
60 208 70 208
60 212 70 212
60 221 71 221
60 239 62 241
60 249 70 249
61 1 72 1
61 14 68 14
61 21 66 22
61 26 70 26
61 30 72 30
61 32 69 32
61 54 72 54
61 55 72 55
61 68 72 68
61 74 70 74
61 99 71 99
61 103 72 103
61 112 71 112
61 135 71 135
61 150 71 150
61 166 72 166
61 178 70 178
61 180 70 180
61 198 71 198
61 222 72 222
61 227 70 227
61 242 72 242
61 245 70 245
61 248 72 248
62 11 73 11
62 13 71 13
62 16 72 16
62 24 72 24
62 33 73 33
62 38 73 38
62 40 73 40
62 58 65 60
62 64 66 65
62 67 72 67
62 73 73 73
62 102 73 102
62 107 72 107
62 116 67 117
62 124 73 124
62 136 71 136
62 142 72 142
62 151 70 151
62 214 72 214
62 218 73 218
62 225 73 225
62 228 73 228
63 37 73 37
63 43 67 44
63 48 72 48
63 94 72 94
63 109 73 109
63 122 74 122
63 155 70 155
63 163 74 163
63 171 74 171
63 172 67 173
63 177 73 177
63 182 66 184
63 186 73 186
63 188 67 189
63 193 72 193
63 205 73 205
63 209 68 210
63 224 72 224
63 235 74 235
63 236 64 241
63 243 73 243
63 247 72 247
64 3 75 3
64 20 74 20
64 85 75 85
64 108 75 108
64 114 75 114
64 119 69 120
64 129 73 129
64 139 74 139
64 144 75 144
64 164 74 164
64 175 74 175
64 179 75 179
64 192 75 192
64 197 75 197
64 211 74 211
64 226 74 226
65 7 76 7
65 10 76 10
65 12 76 12
65 39 75 39
65 41 76 41
65 46 76 46
65 49 75 49
65 61 76 61
65 66 75 66
65 82 75 82
65 87 70 88
65 95 72 95
65 96 76 96
65 100 70 101
65 115 76 115
65 118 75 118
65 140 69 141
65 145 74 145
65 148 73 148
65 149 76 149
65 159 76 159
65 161 73 161
65 167 73 167
65 194 74 194
65 203 68 204
65 220 73 220
65 230 76 230
65 232 76 232
65 233 76 233
65 236 68 238
65 239 68 241
66 0 75 0
66 6 77 6
66 15 74 15
66 25 75 25
66 36 75 36
66 58 68 60
66 76 76 76
66 89 75 89
66 91 75 91
66 125 76 125
66 126 77 126
66 133 76 133
66 137 75 137
66 147 75 147
66 213 75 213
67 2 77 2
67 19 78 19
67 21 77 21
67 29 78 29
67 47 78 47
67 64 77 64
67 69 74 69
67 71 77 71
67 77 78 77
67 83 78 83
67 86 78 86
67 93 78 93
67 104 78 104
67 130 75 130
67 152 77 152
67 170 78 170
67 174 78 174
67 182 70 184
67 200 78 200
67 217 77 217
67 219 77 219
67 234 77 234
68 42 79 42
68 43 71 45
68 78 78 78
68 80 79 80
68 90 75 90
68 92 78 92
68 97 73 98
68 105 79 105
68 116 78 116
68 138 77 138
68 143 79 143
68 154 79 154
68 156 78 156
68 172 75 172
68 173 79 173
68 188 79 188
68 191 77 191
68 195 79 195
68 215 75 215
68 216 79 216
68 223 79 223
68 246 79 246
69 8 79 8
69 14 79 14
69 18 79 18
69 34 78 34
69 51 79 51
69 52 78 52
69 53 79 53
69 56 78 56
69 58 79 58
69 59 77 59
69 60 80 60
69 75 80 75
69 110 80 110
69 127 74 128
69 132 79 132
69 146 80 146
69 153 80 153
69 160 80 160
69 176 77 176
69 190 78 190
69 202 74 203
69 204 80 204
69 209 78 209
69 210 79 210
69 229 80 229
69 231 79 231
69 236 80 236
69 237 70 241
70 9 80 9
70 17 79 17
70 22 81 22
70 31 78 31
70 32 80 32
70 57 79 57
70 62 79 62
70 65 81 65
70 79 80 79
70 81 81 81
70 106 80 106
70 113 78 113
70 131 81 131
70 140 81 140
70 141 81 141
70 168 75 169
70 181 80 181
70 185 81 185
70 187 79 187
70 189 81 189
70 244 81 244
71 4 82 4
71 26 82 26
71 72 81 72
71 74 82 74
71 84 82 84
71 87 75 88
71 100 82 100
71 101 80 101
71 111 82 111
71 123 79 123
71 134 82 134
71 151 82 151
71 157 81 157
71 178 81 178
71 180 81 180
71 182 74 184
71 206 79 206
71 208 82 208
71 212 80 212
71 227 82 227
71 237 76 238
71 239 76 240
71 245 78 245
71 249 82 249
72 5 81 5
72 13 83 13
72 23 83 23
72 28 82 28
72 35 83 35
72 43 75 45
72 63 83 63
72 99 83 99
72 112 83 112
72 121 83 121
72 135 83 135
72 136 82 136
72 150 82 150
72 158 80 158
72 162 83 162
72 165 83 165
72 198 83 198
72 207 82 207
73 1 84 1
73 16 81 16
73 24 81 24
73 30 83 30
73 48 84 48
73 50 84 50
73 54 80 54
73 55 83 55
73 67 78 68
73 94 84 94
73 95 80 95
73 103 83 103
73 107 84 107
73 142 80 142
73 166 84 166
73 193 84 193
73 214 82 214
73 221 78 222
73 224 84 224
73 241 78 242
73 247 78 248
74 11 83 11
74 27 85 27
74 33 85 33
74 37 83 37
74 40 85 40
74 73 84 73
74 97 78 98
74 102 84 102
74 109 84 109
74 124 81 124
74 129 83 129
74 148 84 148
74 161 83 161
74 167 85 167
74 177 85 177
74 201 85 201
74 205 85 205
74 218 84 218
74 220 85 220
74 225 82 225
74 228 84 228
74 243 85 243
75 38 86 38
75 69 83 69
75 119 86 119
75 127 85 127
75 128 85 128
75 145 86 145
75 163 82 163
75 164 86 164
75 171 85 171
75 175 83 175
75 182 77 184
75 202 79 203
75 211 86 211
75 226 86 226
75 235 86 235
76 0 86 0
76 25 86 25
76 36 84 36
76 39 86 39
76 43 80 44
76 49 85 49
76 66 83 66
76 82 84 82
76 88 86 88
76 89 86 89
76 90 81 91
76 108 85 108
76 114 85 114
76 117 81 118
76 122 87 122
76 130 86 130
76 137 86 137
76 144 87 144
76 147 84 147
76 155 87 155
76 168 84 168
76 169 86 169
76 172 86 172
76 179 85 179
76 192 86 192
76 197 87 197
76 215 87 215
77 3 88 3
77 7 88 7
77 10 86 10
77 20 88 20
77 41 86 41
77 45 82 46
77 61 87 61
77 96 88 96
77 115 88 115
77 125 88 125
77 133 87 133
77 139 88 139
77 149 85 149
77 159 88 159
77 213 88 213
77 230 88 230
77 232 81 233
77 237 88 237
77 238 88 238
77 239 88 239
78 2 89 2
78 6 85 6
78 21 86 21
78 59 87 59
78 64 88 64
78 70 83 71
78 85 89 85
78 126 88 126
78 138 88 138
78 152 88 152
78 176 86 176
78 182 81 184
78 191 87 191
78 199 89 199
78 217 89 217
78 219 87 219
78 234 88 234
79 19 90 19
79 29 90 29
79 31 88 31
79 34 90 34
79 47 90 47
79 52 89 52
79 56 90 56
79 76 90 76
79 77 84 78
79 83 90 83
79 86 83 87
79 92 87 92
79 93 88 93
79 97 89 97
79 98 90 98
79 104 90 104
79 116 87 116
79 156 90 156
79 170 89 170
79 174 89 174
79 186 90 186
79 190 90 190
79 200 90 200
79 209 87 209
79 221 90 221
79 222 88 222
79 240 90 240
79 241 90 241
79 242 90 242
79 245 90 245
79 247 90 247
79 248 89 248
80 8 90 8
80 14 91 14
80 17 87 17
80 18 91 18
80 42 91 42
80 51 91 51
80 57 90 57
80 58 91 58
80 62 89 62
80 80 91 80
80 105 91 105
80 113 91 113
80 123 87 123
80 132 90 132
80 143 91 143
80 154 90 154
80 173 87 173
80 187 83 188
80 202 85 203
80 206 88 206
80 210 89 210
80 216 89 216
80 223 90 223
80 231 90 231
80 246 91 246
81 9 92 9
81 43 89 43
81 44 91 44
81 53 86 54
81 60 90 60
81 67 92 67
81 75 91 75
81 79 90 79
81 95 91 95
81 106 88 106
81 110 89 110
81 142 91 142
81 146 91 146
81 153 92 153
81 158 89 158
81 181 89 181
81 194 92 194
81 212 88 212
81 229 90 229
81 236 90 236
82 5 92 5
82 15 86 16
82 22 93 22
82 24 93 24
82 65 93 65
82 72 93 72
82 81 91 81
82 90 90 90
82 91 93 91
82 117 93 117
82 118 90 118
82 124 92 124
82 131 91 131
82 140 91 140
82 141 90 141
82 157 93 157
82 178 90 178
82 180 91 180
82 182 84 185
82 189 93 189
82 232 91 232
82 233 93 233
82 244 93 244
83 4 94 4
83 12 94 12
83 26 91 26
83 28 94 28
83 46 94 46
83 74 94 74
83 84 91 84
83 100 86 101
83 111 92 111
83 134 93 134
83 136 92 136
83 150 91 150
83 151 92 151
83 163 93 163
83 195 94 195
83 207 87 208
83 214 93 214
83 225 91 225
83 227 93 227
84 23 95 23
84 30 93 30
84 35 91 35
84 37 94 37
84 45 95 45
84 63 93 63
84 66 94 66
84 68 87 70
84 71 93 71
84 86 89 87
84 103 93 103
84 112 95 112
84 120 89 121
84 129 94 129
84 135 95 135
84 160 86 162
84 165 95 165
84 175 95 175
84 187 89 188
85 1 94 1
85 13 96 13
85 36 96 36
85 48 95 48
85 50 92 50
85 73 93 73
85 77 88 78
85 82 96 82
85 94 92 94
85 99 96 99
85 107 92 107
85 109 93 109
85 147 88 148
85 166 95 166
85 168 96 168
85 182 95 182
85 183 88 184
85 185 95 185
85 193 95 193
85 218 96 218
85 224 96 224
85 228 96 228
86 6 97 6
86 11 97 11
86 27 95 27
86 33 95 33
86 40 95 40
86 49 96 49
86 55 97 55
86 102 97 102
86 108 96 108
86 114 97 114
86 128 95 128
86 149 96 149
86 171 96 171
86 177 95 177
86 198 97 198
86 201 88 204
86 205 97 205
86 243 96 243
86 249 97 249
87 0 97 0
87 10 96 10
87 15 92 16
87 21 97 21
87 25 97 25
87 32 98 32
87 41 98 41
87 53 97 53
87 54 94 54
87 88 97 88
87 89 95 89
87 100 98 100
87 119 97 119
87 127 98 127
87 130 98 130
87 137 94 137
87 145 97 145
87 161 92 162
87 164 95 164
87 169 96 169
87 172 97 172
87 176 96 176
87 192 98 192
87 226 97 226
87 235 98 235
88 17 99 17
88 38 93 39
88 59 99 59
88 61 97 61
88 69 98 69
88 92 96 92
88 116 98 116
88 122 92 123
88 133 99 133
88 144 98 144
88 155 99 155
88 173 99 173
88 179 99 179
88 191 98 191
88 197 95 197
88 207 99 207
88 208 99 208
88 209 99 209
88 211 99 211
88 219 91 220
89 3 99 3
89 7 98 7
89 20 100 20
89 31 99 31
89 70 100 70
89 77 96 77
89 78 99 78
89 93 96 93
89 96 99 96
89 106 100 106
89 115 100 115
89 125 94 126
89 138 98 138
89 139 99 139
89 147 99 147
89 148 98 148
89 152 99 152
89 159 94 160
89 183 93 184
89 201 94 202
89 203 94 204
89 206 100 206
89 212 93 213
89 222 100 222
89 230 98 230
89 234 100 234
89 237 99 237
89 238 94 239
90 2 98 2
90 52 98 52
90 62 100 62
90 64 101 64
90 68 101 68
90 85 101 85
90 86 100 86
90 87 101 87
90 97 100 97
90 120 94 121
90 158 100 158
90 167 101 167
90 170 97 170
90 174 101 174
90 181 100 181
90 187 93 188
90 196 101 196
90 199 101 199
90 210 97 210
90 216 100 216
90 217 100 217
90 248 100 248
91 8 101 8
91 19 101 19
91 29 102 29
91 47 100 47
91 56 98 56
91 57 100 57
91 60 100 60
91 76 101 76
91 79 101 79
91 83 99 83
91 90 101 90
91 98 102 98
91 104 99 104
91 118 98 118
91 132 101 132
91 141 102 141
91 154 100 154
91 156 101 156
91 178 102 178
91 186 102 186
91 190 99 190
91 200 100 200
91 215 102 215
91 221 102 221
91 223 102 223
91 229 98 229
91 231 102 231
91 236 100 236
91 240 99 240
91 241 95 242
91 245 99 245
91 247 101 247
92 14 99 14
92 26 101 26
92 34 103 34
92 35 102 35
92 42 100 42
92 43 97 44
92 51 102 51
92 75 102 75
92 80 95 81
92 84 99 84
92 95 101 95
92 101 103 101
92 105 100 105
92 131 102 131
92 140 102 140
92 142 97 143
92 146 103 146
92 180 103 180
92 219 103 219
92 225 99 225
92 232 101 232
93 5 102 5
93 9 102 9
93 15 98 16
93 50 104 50
93 67 104 67
93 107 103 107
93 111 104 111
93 122 101 122
93 123 102 123
93 124 104 124
93 136 104 136
93 150 98 151
93 153 104 153
93 161 97 162
93 194 103 194
93 246 104 246
94 22 105 22
94 30 104 30
94 39 104 39
94 58 105 58
94 63 105 63
94 65 102 65
94 71 96 73
94 91 105 91
94 94 105 94
94 103 105 103
94 109 105 109
94 117 105 117
94 134 102 134
94 157 105 157
94 183 99 184
94 187 103 187
94 188 99 189
94 212 96 214
94 220 105 220
94 227 102 227
94 233 104 233
94 244 101 244
95 1 102 1
95 4 106 4
95 12 102 12
95 37 105 37
95 46 106 46
95 54 106 54
95 66 105 66
95 74 102 74
95 110 106 110
95 120 99 121
95 125 100 126
95 129 106 129
95 137 105 137
95 159 102 159
95 160 104 160
95 195 104 195
95 201 98 203
95 204 106 204
95 238 99 239
96 23 107 23
96 27 107 27
96 33 104 33
96 40 107 40
96 45 103 45
96 48 105 48
96 80 106 80
96 89 106 89
96 112 107 112
96 135 105 135
96 163 99 164
96 165 107 165
96 166 105 166
96 175 107 175
96 177 105 177
96 182 104 182
96 185 106 185
96 193 105 193
96 197 106 197
96 241 104 241
96 242 107 242
97 13 108 13
97 36 107 36
97 38 108 38
97 49 107 49
97 71 108 71
97 72 102 73
97 77 106 77
97 81 102 82
97 92 102 93
97 108 105 108
97 149 108 149
97 168 104 168
97 169 108 169
97 171 105 171
97 176 108 176
97 212 105 212
97 213 106 213
97 214 104 214
97 218 107 218
97 224 107 224
97 228 105 228
97 243 107 243
98 6 107 6
98 10 103 11
98 24 109 24
98 25 108 25
98 43 107 43
98 44 107 44
98 53 108 53
98 88 109 88
98 102 106 102
98 113 102 114
98 119 109 119
98 128 109 128
98 142 106 142
98 145 108 145
98 161 109 161
98 162 109 162
98 170 108 170
98 172 108 172
98 198 108 198
98 205 107 205
98 226 109 226
99 2 109 2
99 7 108 7
99 15 109 15
99 16 110 16
99 32 109 32
99 41 109 41
99 52 108 52
99 55 104 56
99 69 109 69
99 99 104 100
99 116 109 116
99 127 108 127
99 130 106 130
99 138 109 138
99 143 104 144
99 150 110 150
99 151 109 151
99 191 103 192
99 201 110 201
99 202 107 202
99 203 109 203
99 229 102 230
99 235 110 235
100 0 111 0
100 3 111 3
100 14 107 14
100 17 111 17
100 28 111 28
100 31 107 31
100 59 110 59
100 78 110 78
100 83 111 83
100 84 110 84
100 96 111 96
100 104 110 104
100 120 104 121
100 147 105 148
100 152 111 152
100 163 110 163
100 164 108 164
100 173 111 173
100 179 110 179
100 183 105 184
100 188 111 188
100 189 107 189
100 190 111 190
100 207 111 207
100 208 104 209
100 210 105 211
100 225 110 225
100 237 103 239
100 240 111 240
100 245 111 245
101 20 104 21
101 42 112 42
101 57 112 57
101 60 104 62
101 70 112 70
101 86 109 86
101 97 109 97
101 105 106 106
101 115 110 115
101 125 106 126
101 154 111 154
101 158 109 158
101 200 112 200
101 216 104 217
101 222 112 222
101 234 112 234
101 236 111 236
101 248 110 248
102 8 113 8
102 18 107 19
102 26 113 26
102 68 111 68
102 76 113 76
102 79 112 79
102 87 112 87
102 122 110 122
102 132 106 133
102 155 106 156
102 167 113 167
102 174 110 174
102 196 110 196
102 199 112 199
102 206 113 206
102 244 111 244
102 247 111 247
103 1 112 1
103 5 114 5
103 9 113 9
103 12 114 12
103 35 111 35
103 64 114 64
103 65 114 65
103 72 112 72
103 73 108 74
103 75 112 75
103 81 108 82
103 85 114 85
103 92 113 92
103 93 114 93
103 95 114 95
103 98 114 98
103 113 106 114
103 123 114 123
103 131 114 131
103 134 113 134
103 139 108 140
103 141 112 141
103 181 114 181
103 186 114 186
103 215 113 215
103 221 114 221
103 223 114 223
103 227 114 227
103 229 114 229
103 230 107 231
104 11 115 11
104 34 114 34
104 45 115 45
104 47 115 47
104 101 115 101
104 146 114 146
104 180 115 180
104 187 115 187
104 191 112 191
104 192 111 192
104 194 113 194
104 237 114 237
104 239 114 239
105 20 109 21
105 30 116 30
105 33 115 33
105 39 115 39
105 50 114 50
105 55 109 56
105 60 109 61
105 99 109 100
105 107 116 107
105 111 115 111
105 120 114 120
105 121 112 121
105 124 115 124
105 136 114 136
105 143 116 143
105 144 116 144
105 153 114 153
105 160 116 160
105 168 114 168
105 182 115 182
105 195 115 195
105 208 114 208
105 209 114 209
105 216 110 217
105 219 116 219
105 232 109 233
105 241 113 241
106 22 117 22
106 37 116 37
106 48 114 48
106 51 117 51
106 58 116 58
106 62 111 63
106 66 116 66
106 67 117 67
106 90 110 91
106 94 117 94
106 108 117 108
106 117 117 117
106 135 116 135
106 137 117 137
106 147 116 147
106 157 113 157
106 166 114 166
106 171 117 171
106 177 113 177
106 183 111 184
106 193 114 193
106 210 108 212
106 214 117 214
106 220 114 220
106 228 115 228
106 246 117 246
107 4 116 4
107 10 118 10
107 46 118 46
107 54 115 54
107 77 117 77
107 80 115 80
107 89 116 89
107 102 112 103
107 105 116 105
107 106 118 106
107 109 111 110
107 113 111 114
107 118 118 118
107 125 115 125
107 129 112 130
107 132 118 132
107 133 118 133
107 142 117 142
107 156 116 156
107 178 118 178
107 185 115 185
107 197 118 197
107 204 116 204
108 6 118 6
108 14 117 14
108 18 113 19
108 23 117 23
108 27 119 27
108 31 119 31
108 36 119 36
108 40 117 40
108 43 112 44
108 112 118 112
108 159 119 159
108 165 119 165
108 175 119 175
108 189 119 189
108 202 116 202
108 205 115 205
108 213 119 213
108 218 119 218
108 224 119 224
108 230 119 230
108 231 118 231
108 242 113 243
108 249 119 249
109 7 117 7
109 13 119 13
109 25 119 25
109 38 120 38
109 52 116 52
109 53 118 53
109 71 119 71
109 73 119 73
109 74 119 74
109 81 113 82
109 126 114 127
109 139 112 140
109 148 114 149
109 169 114 170
109 172 117 172
109 176 117 176
109 198 119 198
109 210 118 210
109 211 114 212
109 238 120 238
110 2 119 2
110 15 121 15
110 20 115 21
110 24 121 24
110 29 121 29
110 32 118 32
110 41 120 41
110 49 121 49
110 55 121 55
110 56 121 56
110 60 114 61
110 69 118 69
110 86 118 86
110 88 121 88
110 97 121 97
110 99 118 99
110 100 119 100
110 116 121 116
110 119 117 119
110 128 121 128
110 138 121 138
110 145 121 145
110 151 121 151
110 158 121 158
110 161 114 162
110 164 121 164
110 203 121 203
110 226 118 226
110 232 121 232
110 233 120 233
111 59 122 59
111 78 122 78
111 84 120 84
111 91 122 91
111 104 122 104
111 115 121 115
111 122 121 122
111 155 122 155
111 163 121 163
111 174 118 174
111 179 122 179
111 196 120 196
111 201 119 201
111 216 115 217
111 225 122 225
111 235 119 235
111 248 121 248
112 0 123 0
112 3 122 3
112 17 123 17
112 35 123 35
112 62 123 62
112 63 123 63
112 68 121 68
112 83 121 83
112 96 121 96
112 110 122 110
112 113 122 113
112 114 123 114
112 152 120 152
112 154 119 154
112 173 120 173
112 183 123 183
112 184 120 184
112 188 122 188
112 190 123 190
112 192 123 192
112 207 121 207
112 236 122 236
112 240 123 240
112 244 116 245
112 247 121 247
113 16 124 16
113 42 116 44
113 57 124 57
113 72 120 72
113 75 124 75
113 87 120 87
113 102 117 103
113 109 124 109
113 129 121 129
113 130 121 130
113 139 117 140
113 150 124 150
113 191 120 191
113 199 123 199
113 222 122 222
113 234 124 234
114 8 124 8
114 9 123 9
114 18 124 18
114 19 124 19
114 26 124 26
114 28 125 28
114 76 122 76
114 81 118 82
114 92 123 92
114 134 125 134
114 141 125 141
114 157 122 157
114 167 125 167
114 177 125 177
114 194 124 194
114 206 125 206
114 241 124 241
114 242 124 242
114 243 123 243
115 5 126 5
115 34 126 34
115 48 124 48
115 50 124 50
115 60 119 61
115 64 119 65
115 85 125 85
115 93 124 93
115 95 123 95
115 98 123 98
115 120 119 121
115 123 125 123
115 126 118 127
115 131 124 131
115 136 125 136
115 146 126 146
115 148 126 148
115 149 126 149
115 153 126 153
115 161 118 162
115 166 123 166
115 168 119 169
115 170 126 170
115 181 126 181
115 193 125 193
115 200 126 200
115 208 125 208
115 209 125 209
115 211 123 211
115 212 125 212
115 220 120 221
115 223 123 223
115 227 124 227
115 229 125 229
115 237 126 237
115 239 126 239
116 11 126 11
116 20 127 20
116 21 125 21
116 33 126 33
116 39 124 39
116 45 127 45
116 47 124 47
116 80 125 80
116 101 126 101
116 124 125 124
116 125 125 125
116 180 124 180
116 182 126 182
116 185 125 185
116 186 127 186
116 187 125 187
116 195 127 195
116 205 125 205
116 215 127 215
116 216 126 216
116 217 127 217
116 228 125 228
117 30 127 30
117 37 126 37
117 42 120 43
117 44 125 44
117 52 127 52
117 58 126 58
117 66 125 66
117 89 128 89
117 105 127 105
117 107 126 107
117 135 126 135
117 143 128 143
117 144 128 144
117 147 128 147
117 156 126 156
117 160 126 160
117 204 125 204
117 219 125 219
117 244 122 245
118 7 127 7
118 14 129 14
118 40 129 40
118 51 128 51
118 54 129 54
118 67 127 67
118 77 129 77
118 79 129 79
118 94 126 94
118 102 121 103
118 108 127 108
118 117 127 117
118 119 127 119
118 137 127 137
118 139 123 140
118 171 129 171
118 176 126 176
118 214 127 214
118 246 129 246
119 1 130 1
119 4 130 4
119 6 129 6
119 10 130 10
119 46 128 46
119 53 130 53
119 69 123 70
119 81 130 81
119 82 128 82
119 86 128 86
119 99 129 99
119 106 128 106
119 111 123 112
119 118 128 118
119 126 124 127
119 132 127 132
119 133 129 133
119 161 130 161
119 162 130 162
119 174 128 174
119 178 130 178
119 197 129 197
119 202 130 202
119 210 127 210
119 226 130 226
119 231 128 231
120 2 131 2
120 12 125 13
120 23 131 23
120 25 131 25
120 27 131 27
120 31 128 31
120 36 131 36
120 60 130 60
120 61 131 61
120 64 125 65
120 71 131 71
120 73 124 74
120 100 130 100
120 120 128 120
120 159 131 159
120 165 130 165
120 168 131 168
120 175 131 175
120 189 130 189
120 198 130 198
120 201 127 201
120 213 129 213
120 218 128 218
120 224 128 224
120 230 128 230
120 235 130 235
120 249 127 249
121 38 131 38
121 41 131 41
121 42 126 43
121 72 132 72
121 84 131 84
121 87 132 87
121 121 132 121
121 152 130 152
121 172 126 173
121 191 131 191
121 196 132 196
121 220 125 221
121 233 132 233
121 238 132 238
122 15 133 15
122 24 133 24
122 29 133 29
122 49 132 49
122 55 133 55
122 56 133 56
122 83 133 83
122 88 131 88
122 90 133 90
122 96 127 97
122 102 125 103
122 115 132 115
122 116 133 116
122 122 132 122
122 128 124 130
122 138 129 138
122 145 131 145
122 158 130 158
122 163 127 164
122 203 133 203
122 207 133 207
122 232 131 232
122 247 133 247
122 248 133 248
123 3 134 3
123 32 134 32
123 59 131 59
123 68 134 68
123 76 133 76
123 78 134 78
123 91 130 91
123 104 134 104
123 110 131 110
123 113 133 113
123 142 134 142
123 151 134 151
123 154 127 155
123 157 133 157
123 179 134 179
123 225 132 225
123 236 134 236
123 244 127 245
124 9 131 9
124 22 135 22
124 62 127 63
124 69 128 70
124 92 133 92
124 95 134 95
124 98 135 98
124 111 133 111
124 112 135 112
124 114 133 114
124 139 129 140
124 169 135 169
124 183 128 184
124 190 135 190
124 192 135 192
124 199 131 199
124 211 132 211
124 222 129 223
124 240 133 240
124 243 135 243
125 16 132 16
125 17 127 19
125 26 135 26
125 39 136 39
125 47 136 47
125 48 135 48
125 50 136 50
125 57 132 57
125 73 134 73
125 74 135 74
125 75 133 75
125 93 136 93
125 126 135 126
125 127 130 128
125 129 133 129
125 130 129 131
125 150 134 150
125 166 136 166
125 180 134 180
125 227 135 227
125 234 134 234
125 241 133 241
125 242 136 242
126 0 137 0
126 8 137 8
126 12 131 13
126 21 137 21
126 28 137 28
126 44 135 44
126 64 129 66
126 80 133 80
126 85 135 85
126 102 137 102
126 103 137 103
126 109 137 109
126 123 130 124
126 125 136 125
126 134 136 134
126 136 135 136
126 141 134 141
126 167 133 167
126 177 137 177
126 185 137 185
126 187 134 187
126 193 130 194
126 204 136 204
126 205 134 205
126 206 137 206
126 208 131 209
126 212 136 212
126 219 129 221
126 228 134 228
127 5 137 5
127 11 135 11
127 33 130 35
127 37 136 37
127 42 130 43
127 58 138 58
127 94 138 94
127 101 138 101
127 107 136 107
127 135 136 135
127 146 136 146
127 148 135 148
127 149 137 149
127 153 137 153
127 156 137 156
127 160 138 160
127 170 137 170
127 172 137 172
127 173 134 173
127 176 137 176
127 181 132 182
127 188 138 188
127 200 138 200
127 216 138 216
127 229 138 229
127 239 137 239
128 7 137 7
128 17 131 19
128 20 139 20
128 30 137 30
128 45 139 45
128 52 139 52
128 62 132 63
128 67 139 67
128 96 139 96
128 97 138 97
128 105 139 105
128 108 136 108
128 117 139 117
128 119 136 119
128 132 135 132
128 137 139 137
128 154 136 154
128 155 136 155
128 163 132 164
128 186 137 186
128 195 138 195
128 201 137 201
128 210 138 210
128 214 139 214
128 215 138 215
128 217 137 217
128 244 133 245
128 249 139 249
129 31 138 31
129 46 140 46
129 51 138 51
129 69 139 69
129 70 139 70
129 82 139 82
129 86 137 86
129 89 139 89
129 106 138 106
129 118 140 118
129 120 139 120
129 143 140 143
129 183 132 184
129 218 140 218
129 224 139 224
129 230 138 230
130 6 141 6
130 14 141 14
130 40 141 40
130 54 139 54
130 64 140 64
130 65 138 65
130 66 141 66
130 79 140 79
130 99 140 99
130 130 135 131
130 133 141 133
130 138 141 138
130 139 140 139
130 140 139 140
130 144 141 144
130 147 141 147
130 171 138 171
130 197 140 197
130 213 141 213
130 219 132 221
130 222 134 223
130 231 141 231
130 246 140 246
131 1 141 1
131 4 139 4
131 10 140 10
131 33 133 35
131 42 141 42
131 53 141 53
131 60 139 60
131 91 140 91
131 100 139 100
131 123 135 124
131 127 135 128
131 152 141 152
131 158 142 158
131 161 135 162
131 165 142 165
131 178 142 178
131 189 140 189
131 193 140 193
131 194 142 194
131 198 142 198
131 202 142 202
131 226 141 226
131 235 142 235
132 2 140 2
132 9 141 9
132 12 137 13
132 17 135 19
132 23 141 23
132 25 142 25
132 27 142 27
132 36 143 36
132 38 143 38
132 41 142 41
132 59 142 59
132 61 141 61
132 71 141 71
132 84 141 84
132 88 139 88
132 159 142 159
132 168 143 168
132 174 137 175
132 191 139 191
132 199 143 199
132 208 142 208
132 209 141 209
133 16 140 16
133 49 143 49
133 57 142 57
133 62 143 62
133 63 144 63
133 72 140 72
133 115 144 115
133 121 137 122
133 163 138 164
133 181 138 182
133 183 143 183
133 184 142 184
133 196 140 196
133 211 143 211
133 219 137 220
133 221 144 221
133 225 141 225
133 232 137 233
133 237 138 238
134 15 144 15
134 24 145 24
134 29 144 29
134 33 137 35
134 55 144 55
134 56 144 56
134 75 138 76
134 77 145 77
134 80 143 80
134 83 144 83
134 87 145 87
134 90 145 90
134 92 145 92
134 110 139 111
134 113 139 114
134 116 145 116
134 157 143 157
134 167 144 167
134 203 145 203
134 207 145 207
134 240 141 240
134 241 145 241
134 244 145 244
134 247 141 247
135 3 146 3
135 43 146 43
135 68 144 68
135 73 144 73
135 78 146 78
135 95 145 95
135 104 146 104
135 129 146 129
135 141 146 141
135 150 140 151
135 173 146 173
135 179 144 179
135 180 144 180
135 187 145 187
135 205 146 205
135 222 146 222
135 228 146 228
135 234 144 234
135 236 145 236
135 248 146 248
136 11 144 11
136 17 144 17
136 18 141 19
136 22 145 22
136 26 147 26
136 48 143 48
136 74 144 74
136 85 145 85
136 98 145 98
136 112 145 112
136 123 147 123
136 124 147 124
136 126 144 126
136 127 146 127
136 128 143 128
136 130 141 131
136 132 147 132
136 136 147 136
136 148 147 148
136 161 145 161
136 190 146 190
136 192 146 192
136 227 146 227
137 37 148 37
137 39 148 39
137 47 148 47
137 50 147 50
137 93 145 93
137 107 147 107
137 108 147 108
137 119 148 119
137 125 148 125
137 134 148 134
137 135 144 135
137 145 142 146
137 154 148 154
137 166 148 166
137 204 146 204
137 212 146 212
137 223 148 223
137 242 146 242
138 0 148 0
138 7 143 8
138 12 148 12
138 13 149 13
138 21 149 21
138 30 148 30
138 32 149 32
138 33 140 35
138 44 149 44
138 86 148 86
138 102 149 102
138 103 148 103
138 109 149 109
138 121 142 122
138 142 149 142
138 149 149 149
138 153 148 153
138 162 149 162
138 169 143 170
138 172 148 172
138 174 140 176
138 177 147 177
138 185 142 186
138 201 147 201
138 206 149 206
138 217 149 217
138 219 147 219
138 220 147 220
138 232 147 232
138 233 148 233
138 239 148 239
139 31 149 31
139 51 148 51
139 58 148 58
139 65 147 65
139 75 149 75
139 94 150 94
139 97 148 97
139 101 148 101
139 106 150 106
139 160 149 160
139 163 142 164
139 171 149 171
139 181 146 181
139 182 150 182
139 188 147 188
139 195 150 195
139 200 149 200
139 210 150 210
139 215 143 216
139 229 144 230
139 237 149 237
140 4 150 4
140 20 151 20
140 45 148 45
140 52 149 52
140 54 150 54
140 60 151 60
140 67 147 67
140 69 149 69
140 70 150 70
140 81 145 82
140 88 145 89
140 100 150 100
140 105 150 105
140 113 148 113
140 114 149 114
140 117 149 117
140 120 151 120
140 137 149 137
140 140 149 140
140 155 145 156
140 191 149 191
140 214 150 214
140 224 151 224
140 245 151 245
140 249 147 249
141 2 151 2
141 5 152 5
141 10 151 10
141 16 152 16
141 33 144 35
141 46 152 46
141 64 149 64
141 72 148 72
141 76 152 76
141 79 150 79
141 99 148 99
141 111 152 111
141 118 151 118
141 139 150 139
141 143 151 143
141 150 146 151
141 175 150 175
141 176 149 176
141 193 149 193
141 196 150 196
141 218 149 218
141 246 150 246
142 1 152 1
142 6 152 6
142 9 152 9
142 14 149 14
142 18 147 19
142 23 150 23
142 40 151 40
142 42 152 42
142 53 152 53
142 61 153 61
142 66 149 66
142 84 150 84
142 91 153 91
142 96 153 96
142 130 151 130
142 131 152 131
142 133 152 133
142 138 152 138
142 144 153 144
142 147 151 147
142 152 153 152
142 174 153 174
142 213 149 213
142 225 153 225
142 226 153 226
142 247 152 247
143 25 152 25
143 27 154 27
143 28 154 28
143 41 152 41
143 57 153 57
143 59 151 59
143 121 152 121
143 122 152 122
143 145 153 145
143 146 153 146
143 158 147 159
143 163 153 163
143 164 154 164
143 165 150 165
143 178 152 178
143 184 147 185
143 186 152 186
143 189 154 189
143 194 153 194
143 198 153 198
143 202 152 202
143 208 154 208
143 209 154 209
143 235 154 235
143 240 154 240
144 7 151 7
144 36 152 36
144 38 154 38
144 48 154 48
144 62 155 62
144 80 154 80
144 128 155 128
144 157 155 157
144 168 149 169
144 183 152 183
144 199 155 199
144 211 153 211
144 215 147 216
144 238 155 238
145 11 154 11
145 15 156 15
145 17 155 17
145 29 154 29
145 33 148 35
145 63 155 63
145 68 153 68
145 73 156 73
145 74 153 74
145 83 153 83
145 126 155 126
145 135 154 135
145 167 153 167
145 179 150 180
145 221 155 221
145 229 154 229
145 230 150 231
145 234 153 234
146 22 155 22
146 24 155 24
146 55 157 55
146 56 157 56
146 71 157 71
146 77 157 77
146 81 151 82
146 85 157 85
146 87 154 87
146 88 148 90
146 92 154 92
146 95 156 95
146 98 154 98
146 112 156 112
146 116 156 116
146 155 157 155
146 161 157 161
146 187 156 187
146 203 157 203
146 207 157 207
146 241 154 241
146 243 157 243
147 3 157 3
147 43 156 43
147 49 158 49
147 78 157 78
147 104 157 104
147 115 158 115
147 127 156 127
147 141 158 141
147 150 156 150
147 151 158 151
147 173 158 173
147 192 155 192
147 204 152 205
147 212 158 212
147 222 157 222
147 227 152 228
147 242 158 242
147 248 158 248
148 8 159 8
148 18 159 18
148 19 157 19
148 26 157 26
148 50 158 50
148 67 159 67
148 93 159 93
148 107 153 108
148 110 159 110
148 123 156 123
148 124 158 124
148 129 159 129
148 132 156 132
148 136 159 136
148 148 155 148
148 158 158 158
148 159 156 159
148 177 158 177
148 184 157 184
148 185 157 185
148 188 155 188
148 201 156 201
148 215 156 215
148 216 159 216
148 219 159 219
148 220 157 220
148 232 157 232
148 249 159 249
149 0 156 0
149 12 159 12
149 30 159 30
149 33 156 33
149 34 156 34
149 35 160 35
149 37 159 37
149 39 160 39
149 45 158 45
149 47 160 47
149 58 159 58
149 72 157 72
149 86 158 86
149 88 153 89
149 90 160 90
149 97 157 97
149 99 159 99
149 101 160 101
149 103 158 103
149 113 158 113
149 119 158 119
149 125 160 125
149 134 159 134
149 153 154 154
149 156 160 156
149 166 157 166
149 170 160 170
149 172 159 172
149 190 160 190
149 233 157 233
149 239 160 239
150 13 161 13
150 14 159 14
150 21 161 21
150 31 155 32
150 44 157 44
150 51 161 51
150 52 160 52
150 64 160 64
150 65 161 65
150 66 161 66
150 69 161 69
150 75 161 75
150 102 161 102
150 109 158 109
150 117 161 117
150 137 160 137
150 142 160 142
150 160 159 160
150 162 157 162
150 168 158 168
150 169 158 169
150 171 159 171
150 176 157 176
150 191 161 191
150 193 161 193
150 197 161 197
150 200 157 200
150 206 161 206
150 217 154 218
150 237 161 237
150 244 161 244
151 4 162 4
151 23 158 23
151 54 162 54
151 70 159 70
151 79 160 79
151 84 162 84
151 94 161 94
151 100 162 100
151 105 161 105
151 106 161 106
151 114 162 114
151 139 162 139
151 165 160 165
151 175 162 175
151 179 154 181
151 182 159 182
151 195 155 196
151 210 161 210
151 213 162 213
151 214 159 214
151 230 159 230
151 231 162 231
151 236 162 236
151 246 158 246
152 2 163 2
152 7 163 7
152 10 163 10
152 59 163 59
152 60 163 60
152 81 157 82
152 118 159 118
152 130 163 130
152 140 163 140
152 143 162 143
152 147 162 147
152 149 163 149
152 223 157 224
153 1 163 1
153 5 157 6
153 9 162 9
153 25 163 25
153 36 162 36
153 41 164 41
153 46 163 46
153 53 163 53
153 76 164 76
153 111 161 111
153 120 158 121
153 122 163 122
153 133 164 133
153 138 161 138
153 178 164 178
153 183 161 183
153 202 163 202
153 204 162 204
153 205 162 205
153 227 156 228
153 245 164 245
154 40 165 40
154 57 163 57
154 61 162 61
154 68 165 68
154 74 163 74
154 83 164 83
154 88 163 88
154 91 165 91
154 96 164 96
154 107 165 107
154 108 161 108
154 131 165 131
154 144 157 146
154 152 164 152
154 163 164 163
154 167 163 167
154 174 164 174
154 194 164 194
154 211 161 211
154 225 165 225
154 226 163 226
154 234 164 234
155 11 166 11
155 16 166 16
155 27 163 27
155 28 160 29
155 38 166 38
155 48 164 48
155 80 166 80
155 87 166 87
155 89 166 89
155 92 166 92
155 98 166 98
155 135 166 135
155 153 159 154
155 179 159 180
155 181 163 181
155 189 162 189
155 208 165 208
155 209 166 209
155 217 166 217
155 218 166 218
155 229 163 229
155 235 165 235
155 240 162 240
155 241 165 241
156 17 163 17
156 22 165 22
156 24 167 24
156 31 161 32
156 62 164 62
156 63 166 63
156 126 166 126
156 128 167 128
156 148 167 148
156 157 167 157
156 188 165 188
156 192 164 192
156 195 165 195
156 196 166 196
156 198 160 199
156 221 167 221
156 238 165 238
156 247 167 247
157 15 168 15
157 33 162 34
157 73 168 73
157 95 165 95
157 112 168 112
157 116 168 116
157 127 168 127
157 132 168 132
157 150 166 150
157 159 167 159
157 187 165 187
157 215 168 215
157 227 161 228
158 3 169 3
158 5 169 5
158 6 169 6
158 19 168 19
158 26 169 26
158 42 160 44
158 55 169 55
158 56 167 56
158 71 168 71
158 72 166 72
158 77 163 78
158 81 168 81
158 82 169 82
158 85 167 85
158 97 167 97
158 104 167 104
158 144 167 144
158 145 168 145
158 146 169 146
158 155 167 155
158 161 166 161
158 162 168 162
158 166 168 166
158 176 168 176
158 184 163 185
158 203 169 203
158 207 166 207
158 220 169 220
158 222 166 222
158 223 169 223
158 224 167 224
158 232 162 233
158 243 169 243
159 23 168 23
159 45 169 45
159 49 169 49
159 50 170 50
159 103 170 103
159 109 168 109
159 113 168 113
159 115 169 115
159 119 164 120
159 121 169 121
159 123 162 124
159 151 169 151
159 158 170 158
159 164 170 164
159 168 164 169
159 177 166 177
159 186 170 186
159 242 169 242
159 246 168 246
159 248 169 248
160 0 171 0
160 8 170 8
160 12 168 12
160 30 171 30
160 37 170 37
160 58 171 58
160 67 169 67
160 93 171 93
160 99 168 99
160 110 171 110
160 118 170 118
160 129 171 129
160 134 168 134
160 153 164 154
160 160 169 160
160 171 165 172
160 179 171 179
160 182 171 182
160 214 170 214
160 216 171 216
160 219 169 219
160 230 171 230
160 249 167 249
161 14 172 14
161 18 172 18
161 28 172 28
161 35 171 35
161 39 172 39
161 42 171 42
161 43 166 44
161 47 171 47
161 52 168 52
161 64 172 64
161 79 168 79
161 101 172 101
161 137 170 137
161 141 166 142
161 156 172 156
161 165 169 165
161 170 172 170
161 190 169 190
161 198 164 200
161 239 171 239
162 13 170 13
162 20 167 21
162 31 172 31
162 51 171 51
162 65 165 66
162 69 173 69
162 70 173 70
162 75 173 75
162 86 173 86
162 90 173 90
162 94 173 94
162 102 173 102
162 105 171 105
162 108 172 108
162 111 173 111
162 117 173 117
162 125 173 125
162 138 172 138
162 183 171 183
162 191 169 191
162 193 171 193
162 197 172 197
162 206 173 206
162 210 167 211
162 227 166 228
162 237 173 237
162 244 169 244
163 4 174 4
163 9 174 9
163 29 174 29
163 34 173 34
163 36 171 36
163 54 173 54
163 61 173 61
163 84 174 84
163 100 174 100
163 114 170 114
163 123 167 124
163 139 172 139
163 143 173 143
163 147 174 147
163 175 174 175
163 189 171 189
163 204 173 204
163 205 172 205
163 213 171 213
163 231 171 231
163 232 174 232
163 236 171 236
163 240 172 240
164 7 174 7
164 25 174 25
164 27 175 27
164 46 175 46
164 53 174 53
164 57 174 57
164 59 169 60
164 74 174 74
164 77 168 78
164 88 173 88
164 106 175 106
164 130 172 130
164 167 171 167
164 180 175 180
164 181 175 181
164 184 175 184
164 185 174 185
164 201 169 202
164 226 175 226
164 229 175 229
165 1 176 1
165 48 176 48
165 62 175 62
165 76 175 76
165 83 176 83
165 96 176 96
165 119 170 120
165 136 176 136
165 149 176 149
165 152 176 152
165 153 169 154
165 163 176 163
165 168 176 168
165 173 176 173
165 174 174 174
165 178 172 178
165 194 176 194
165 198 168 200
165 233 176 233
165 234 175 234
165 245 175 245
166 10 177 10
166 22 176 22
166 40 171 41
166 65 171 66
166 68 177 68
166 91 176 91
166 95 175 95
166 107 173 107
166 131 175 131
166 171 170 172
166 187 176 187
166 188 177 188
166 195 177 195
166 212 177 212
166 225 175 225
166 235 175 235
166 238 174 238
166 241 177 241
167 11 177 11
167 16 171 17
167 38 176 38
167 43 177 43
167 44 178 44
167 63 178 63
167 72 176 72
167 80 174 80
167 87 177 87
167 89 175 89
167 92 177 92
167 98 176 98
167 126 176 126
167 135 177 135
167 141 176 141
167 142 177 142
167 150 178 150
167 161 177 161
167 177 178 177
167 196 178 196
167 207 170 209
167 217 172 218
167 222 178 222
167 227 172 228
168 21 178 21
168 24 179 24
168 32 179 32
168 56 179 56
168 85 178 85
168 97 176 97
168 104 176 104
168 122 171 124
168 128 177 128
168 133 179 133
168 148 177 148
168 155 177 155
168 157 175 157
168 159 179 159
168 211 179 211
168 221 179 221
168 224 179 224
168 249 178 249
169 2 180 2
169 12 177 12
169 15 178 15
169 19 177 19
169 23 179 23
169 52 179 52
169 71 176 71
169 73 178 73
169 77 174 78
169 79 179 79
169 81 180 81
169 99 177 99
169 112 174 113
169 116 178 116
169 127 180 127
169 134 180 134
169 144 174 145
169 162 176 162
169 166 178 166
169 176 180 176
169 198 172 200
169 215 180 215
169 246 180 246
169 247 180 247
170 3 179 3
170 5 175 6
170 45 179 45
170 49 178 49
170 55 180 55
170 59 179 59
170 60 178 60
170 82 179 82
170 115 179 115
170 121 181 121
170 146 177 146
170 151 179 151
170 153 175 154
170 165 181 165
170 169 181 169
170 190 181 190
170 191 178 191
170 201 178 201
170 202 177 202
170 219 181 219
170 220 180 220
170 223 178 223
170 242 173 244
170 248 178 248
171 8 180 8
171 13 180 13
171 20 182 20
171 50 182 50
171 114 180 114
171 118 174 120
171 137 182 137
171 160 182 160
171 164 180 164
171 171 179 171
171 172 182 172
171 186 179 186
171 207 173 210
171 214 182 214
172 0 180 0
172 16 176 17
172 26 183 26
172 30 181 30
172 35 182 35
172 36 177 37
172 40 182 40
172 41 181 41
172 42 182 42
172 47 183 47
172 51 179 51
172 58 182 58
172 65 177 66
172 93 183 93
172 105 183 105
172 109 177 110
172 122 174 124
172 129 183 129
172 158 183 158
172 167 179 167
172 179 181 179
172 182 176 183
172 189 179 189
172 192 177 193
172 213 183 213
172 216 183 216
172 230 180 230
172 231 182 231
172 236 183 236
172 239 183 239
173 18 182 18
173 31 182 31
173 39 181 39
173 64 183 64
173 101 184 101
173 103 184 103
173 108 183 108
173 130 184 130
173 138 175 140
173 156 183 156
173 197 178 198
173 199 178 200
173 205 181 205
173 217 184 217
173 218 184 218
173 228 184 228
173 240 182 240
174 14 185 14
174 28 185 28
174 33 185 33
174 54 185 54
174 61 182 61
174 69 183 69
174 70 185 70
174 75 185 75
174 86 184 86
174 88 185 88
174 90 181 90
174 102 184 102
174 107 185 107
174 111 184 111
174 117 184 117
174 125 185 125
174 143 183 143
174 178 185 178
174 203 179 204
174 206 178 207
174 208 184 208
174 209 182 209
174 237 185 237
174 242 179 243
175 4 186 4
175 7 185 7
175 9 183 9
175 34 186 34
175 57 184 57
175 74 184 74
175 77 178 78
175 80 184 80
175 94 186 94
175 100 182 100
175 112 180 113
175 118 185 118
175 119 180 120
175 122 186 122
175 123 180 124
175 144 179 145
175 147 185 147
175 174 184 174
175 185 185 185
175 210 186 210
175 232 185 232
175 238 184 238
176 5 186 5
176 6 184 6
176 27 185 27
176 46 187 46
176 62 186 62
176 76 184 76
176 89 187 89
176 95 187 95
176 106 186 106
176 131 187 131
176 138 187 138
176 139 184 139
176 154 184 154
176 157 186 157
176 180 179 181
176 184 186 184
176 226 181 227
176 229 186 229
176 234 187 234
176 235 183 235
176 245 185 245
177 16 185 16
177 38 185 38
177 48 188 48
177 71 185 71
177 72 188 72
177 83 187 83
177 84 188 84
177 91 186 91
177 96 186 96
177 97 181 98
177 104 187 104
177 126 185 126
177 136 185 136
177 140 182 141
177 152 187 152
177 162 186 162
177 163 188 163
177 168 185 168
177 173 188 173
177 182 188 182
177 183 185 183
177 187 187 187
177 194 188 194
177 233 187 233
178 1 189 1
178 10 181 12
178 19 188 19
178 29 189 29
178 36 183 37
178 43 187 43
178 65 180 68
178 87 189 87
178 92 187 92
178 99 188 99
178 109 189 109
178 110 187 110
178 128 188 128
178 142 187 142
178 146 185 146
178 148 183 149
178 153 189 153
178 188 189 188
178 192 187 192
178 193 189 193
178 195 186 195
178 202 189 202
178 212 189 212
179 15 190 15
179 22 190 22
179 44 189 44
179 49 190 49
179 63 190 63
179 73 187 73
179 77 183 78
179 85 190 85
179 116 186 116
179 135 190 135
179 150 186 150
179 166 189 166
179 177 190 177
179 191 187 191
179 196 189 196
179 197 182 199
179 200 190 200
179 201 187 201
179 206 186 206
179 207 188 207
179 222 184 223
179 241 190 241
179 248 187 248
179 249 189 249
180 3 189 3
180 17 191 17
180 23 183 24
180 32 191 32
180 45 189 45
180 51 182 53
180 56 191 56
180 79 190 79
180 82 188 82
180 115 191 115
180 144 184 145
180 151 191 151
180 155 191 155
180 159 187 159
180 161 191 161
180 167 189 167
180 170 191 170
180 171 190 171
180 180 185 181
180 186 188 186
180 189 190 189
180 203 189 203
180 204 189 204
180 211 191 211
180 221 190 221
180 224 184 225
180 242 183 243
181 0 192 0
181 8 191 8
181 13 188 13
181 25 192 25
181 55 190 55
181 65 183 68
181 81 190 81
181 112 185 113
181 114 188 114
181 119 189 119
181 120 190 120
181 123 186 124
181 127 192 127
181 132 184 134
181 164 188 164
181 176 191 176
181 215 191 215
181 220 191 220
181 230 189 230
181 244 192 244
181 246 189 246
181 247 192 247
182 10 185 12
182 21 193 21
182 30 193 30
182 39 192 39
182 41 191 41
182 90 193 90
182 97 193 97
182 98 193 98
182 121 193 121
182 165 190 165
182 169 193 169
182 175 193 175
182 179 193 179
182 190 193 190
182 205 193 205
182 219 191 219
182 227 190 227
183 18 194 18
183 20 193 20
183 31 194 31
183 35 194 35
183 40 191 40
183 42 193 42
183 50 194 50
183 51 192 51
183 52 188 53
183 58 193 58
183 60 194 60
183 61 193 61
183 137 192 137
183 140 193 140
183 141 194 141
183 160 194 160
183 172 194 172
183 197 186 198
183 199 192 199
183 209 192 209
183 214 192 214
183 231 192 231
183 240 194 240
184 9 194 9
184 23 192 23
184 36 189 37
184 59 195 59
184 64 193 64
184 65 186 68
184 69 194 69
184 77 195 77
184 78 191 78
184 93 193 93
184 105 195 105
184 108 191 108
184 129 191 129
184 143 193 143
184 149 195 149
184 156 195 156
184 158 195 158
184 213 194 213
184 216 192 216
184 235 189 236
184 239 191 239
184 242 189 243
185 6 196 6
185 47 196 47
185 57 196 57
185 76 196 76
185 80 196 80
185 86 196 86
185 100 188 101
185 102 193 102
185 103 196 103
185 117 194 117
185 130 194 130
185 132 196 132
185 133 196 133
185 134 196 134
185 139 196 139
185 144 196 144
185 145 195 145
185 154 193 154
185 174 195 174
185 208 193 208
185 217 194 217
185 222 189 223
185 224 190 225
185 226 196 226
185 238 196 238
186 7 197 7
186 10 188 12
186 14 197 14
186 16 195 16
186 26 191 27
186 28 197 28
186 33 193 33
186 54 195 54
186 70 196 70
186 71 194 71
186 74 191 75
186 88 196 88
186 107 197 107
186 111 189 112
186 113 194 113
186 118 197 118
186 125 190 126
186 146 196 146
186 147 196 147
186 148 197 148
186 168 195 168
186 178 197 178
186 180 191 181
186 183 196 183
186 185 195 185
186 232 197 232
186 237 197 237
186 245 197 245
187 4 192 5
187 34 198 34
187 62 195 62
187 65 189 67
187 91 198 91
187 94 197 94
187 96 197 96
187 106 196 106
187 116 195 116
187 122 198 122
187 123 198 123
187 124 195 124
187 150 197 150
187 157 197 157
187 162 194 162
187 184 196 184
187 195 197 195
187 197 192 198
187 206 196 206
187 210 195 210
187 228 198 228
188 2 199 2
188 43 198 43
188 46 199 46
188 73 196 73
188 83 199 83
188 89 198 89
188 92 198 92
188 95 196 95
188 131 197 131
188 138 199 138
188 142 198 142
188 152 197 152
188 159 198 159
188 187 199 187
188 192 199 192
188 201 199 201
188 233 193 234
188 248 196 248
189 10 191 12
189 13 198 13
189 19 199 19
189 48 199 48
189 52 193 53
189 72 199 72
189 82 198 82
189 99 191 101
189 128 198 128
189 163 198 163
189 164 199 164
189 173 199 173
189 182 196 182
189 186 198 186
189 207 199 207
190 3 199 3
190 29 197 29
190 37 198 37
190 44 195 45
190 65 193 67
190 87 198 87
190 109 195 110
190 111 195 112
190 119 199 119
190 153 199 153
190 188 199 188
190 193 199 193
190 196 199 196
190 202 193 204
190 222 193 223
190 230 198 230
190 235 198 235
190 236 198 236
190 242 195 243
190 246 198 246
190 249 199 249
191 22 199 22
191 55 199 55
191 63 198 63
191 79 199 79
191 85 199 85
191 120 199 120
191 125 195 126
191 165 194 167
191 171 199 171
191 177 199 177
191 221 199 221
191 224 199 224
191 225 199 225
191 241 198 241
192 10 197 11
192 17 199 17
192 26 197 27
192 32 199 32
192 56 199 56
192 74 197 75
192 78 199 78
192 100 197 101
192 114 197 115
192 135 197 136
192 151 199 151
192 170 199 170
192 180 199 180
192 181 199 181
192 211 197 212
192 218 194 220
193 0 197 1
193 4 196 5
193 23 196 24
193 38 195 40
193 197 197 198
193 199 197 200
193 214 197 215
194 20 198 21
194 41 199 42
194 51 199 52
194 64 198 65
194 66 198 67
194 154 199 155
194 175 197 176
194 189 197 191
194 202 196 205
194 208 199 209
194 222 198 223
194 233 199 234
195 8 199 9
195 30 198 31
195 49 199 50
195 60 199 61
195 68 199 69
195 129 199 130
195 160 199 161
195 216 198 218
195 219 199 220
195 239 199 240
196 38 198 40
196 53 199 54
196 58 199 59
196 108 197 112
196 124 199 126
196 165 198 168
196 242 199 244
197 102 199 105
197 182 199 185
197 202 199 205
198 4 199 7
198 23 199 28
198 73 199 76
198 96 199 101
198 106 199 111
198 112 199 116
198 143 199 148
198 197 199 200
198 210 199 214
199 86 199 95
