500
0 1881 2288 2327 2668 2675 2736 2962 3799 5796 6248 6597 7847 8545 9046 
1 356 1774 2288 3274 3610 3904 4383 5064 5289 5312 6090 6250 6735 
2 2 123 172 321 563 604 960 3616 4765 5663 5743 6334 6635 7598 8740 8941 
3 296 506 592 1377 1956 2503 3219 4347 5252 5412 5608 7206 7762 9098 9412 
4 421 745 1760 3894 3982 4212 4334 4827 4897 5761 8484 9022 9340 
5 316 979 1042 1933 2691 3842 4046 4551 5409 5623 5664 6448 7454 7699 8437 
6 745 1218 1344 1664 2340 2948 3818 3902 4199 5156 6461 8056 8066 8837 
7 1752 2015 2999 3990 4622 5986 6348 6733 7481 9782 9978 
8 1369 1784 2073 2962 3987 4442 4537 4538 4854 5677 6607 7006 7043 7216 9343 
9 44 1930 2647 3894 4668 5186 6629 6678 6882 7266 7768 7859 8406 8450 9007 
10 940 2729 5498 6272 6300 6693 7153 7240 7590 7614 8376 8635 9692 
11 1106 1552 1896 2643 3094 3410 3701 5082 6013 6257 6354 6902 7429 8931 9514 
12 122 1945 2270 2555 3126 5107 5232 8215 9208 9244 9481 9669 9793 
13 1082 1208 2373 2411 4288 5598 6101 7992 8463 9128 9622 
14 360 1560 4121 4152 4285 5511 5768 5928 6382 7657 7980 8114 9013 9533 9590 
15 79 1491 2114 3543 3870 4435 5135 6433 6669 6713 7359 7559 7616 8358 
16 1418 2009 2017 2148 2885 4889 5412 8756 9154 9499 9658 
17 716 979 1502 2349 3076 5119 5703 5920 6534 6613 6860 7666 7757 7782 8267 8822 9440 
18 1418 2327 2962 3695 3830 3863 6094 6757 7002 7280 7816 9446 
19 1714 2212 2833 2846 3408 4869 5255 5946 7296 7585 7907 8353 9550 
20 605 2643 2826 3199 3901 4729 5372 5870 6033 6729 7309 7358 7367 8008 
21 982 1953 1973 3089 3375 4572 4846 5869 7909 9372 9513 9841 
22 865 1278 2420 2978 3198 3699 5110 5284 7413 7567 9361 9576 9936 
23 121 321 1609 2694 2704 3402 3516 4199 4677 5326 6119 7869 8184 
24 1534 1643 1849 2555 2782 3137 3466 3710 3789 3815 4752 4837 5378 7652 7992 8233 
25 1181 1357 2055 2168 3023 3666 4432 4466 6637 7217 7227 7262 7524 
26 629 1979 2584 3614 3825 3894 4451 6277 6299 9224 
27 2110 3119 3417 4543 4684 4785 4873 4934 5748 6339 8286 8310 9159 9173 
28 1043 1238 1391 2719 2777 3315 4329 4895 5715 7762 7779 8067 9369 9685 
29 1321 1475 2240 2349 2556 3733 3766 6309 6837 6956 7755 
30 446 2185 2288 2431 5083 5126 6093 6458 6609 7554 7965 8164 8746 
31 1909 2114 2202 5415 5907 5932 7402 8137 8755 9262 9891 
32 1280 1314 2402 2428 3521 4244 7150 7929 9007 9050 9371 9455 9746 
33 412 464 1399 1670 2168 2334 3352 4270 4836 6750 7433 7913 8896 
34 1743 3074 3374 3826 5010 5547 6397 6720 6887 7053 7573 7647 8887 
35 30 1238 1401 1597 2143 3012 3092 6339 7257 7344 7905 7917 8405 9348 9688 9698 
36 1114 1129 1347 3209 4470 5810 7418 7608 8406 8505 9107 9172 9247 9858 
37 265 805 2240 2479 2841 3074 6265 7307 7779 7907 8809 9197 
38 285 991 1977 2340 2676 2699 3027 3301 4077 4483 5204 5902 7485 8061 8270 8601 8978 
39 2 1111 1579 1855 2077 3457 4127 4526 5159 5476 6591 8205 9064 9498 
40 204 703 2037 2454 2572 3173 3869 4047 5114 5869 6573 8388 8718 
41 1794 3011 3694 3894 3914 4003 4589 4756 5679 8200 8335 8976 9490 
42 152 587 1991 2983 3277 5727 6327 6647 6909 7492 8996 
43 961 1373 1586 2308 2995 4975 5676 6076 7581 8215 9007 9522 
44 413 1523 1831 1881 3563 4045 4588 5103 5432 5880 7287 7618 8476 8868 
45 109 1622 3043 4090 5416 5448 5795 6970 7043 7732 8529 9157 9477 
46 79 809 1626 1890 2288 3065 3427 3956 4843 5961 6320 7587 7821 8604 8941 9253 
47 795 824 1555 2240 4207 4220 4608 4716 4722 4928 5280 5309 6215 6946 8775 
48 252 351 659 1280 2066 3434 5824 6046 6540 6612 9063 9228 9270 9968 
49 843 1870 1988 3551 6653 6878 7165 7963 8028 9210 9494 
50 163 317 1548 1668 1920 2135 2240 2705 3773 6562 7133 7569 8730 9115 
51 221 723 1508 1774 3397 4997 5450 5465 6547 6553 7025 7050 7326 8739 
52 190 465 914 3054 3588 4952 5816 6337 6837 8057 8482 8593 9200 9461 
53 2485 2606 3244 3387 3552 4354 4389 4553 5388 5715 5962 6101 7575 8952 9384 9650 
54 189 399 884 2225 2563 3641 4068 4421 5748 7916 7990 9098 
55 89 427 1528 2510 2706 2849 3709 4871 5147 6526 6771 7993 8217 8947 9551 9807 
56 303 320 893 898 2319 2627 2815 3979 4102 4106 4170 5762 9140 9369 
57 109 453 836 965 2111 2580 4176 5456 6077 6413 7105 7732 7925 9855 
58 164 720 730 1006 1668 2519 2655 5513 5654 6201 6415 6689 6973 7296 7349 7622 8733 
59 44 352 865 1936 2121 2817 2934 2962 5035 5694 6461 7028 7461 7868 8570 
60 1304 1834 2288 3162 3252 4579 5715 6692 8382 8949 9601 9949 
61 1396 1919 3108 4000 4080 6745 7096 8158 8614 8910 9683 9798 9972 
62 139 1292 1519 2288 2433 2769 3031 3175 3465 3639 7526 9414 9532 
63 23 500 872 1386 2200 3392 3908 5180 7890 9930 
64 694 3370 3828 4340 4362 4522 6358 7025 7416 7789 9716 9912 
65 102 2909 3333 3923 3998 4276 4985 5941 6254 6527 8033 8977 9537 9740 
66 321 1694 2693 2947 4267 4335 4340 6002 6100 6567 7808 8711 8904 9827 
67 221 1288 2004 3156 3172 3180 4035 4328 4718 6654 8960 
68 98 321 3700 5458 5499 5529 5943 6599 6613 7772 7977 8019 8780 9750 9857 
69 976 1577 1595 2416 3498 3755 3836 4040 6613 6886 8244 8662 9220 
70 1264 1557 1858 4039 4498 4726 4971 5878 6658 6855 7949 8538 8774 8864 
71 1108 1223 1593 1822 2062 3764 4877 5376 5412 6374 6758 7107 8235 8352 9145 
72 2 338 851 2378 2850 3855 3959 7088 7721 8157 9013 9604 9981 
73 178 316 2205 2524 2555 3065 3887 4181 4397 4679 7522 7659 9352 
74 1065 3132 5127 5359 5710 6075 6286 6903 7163 7762 7980 8346 8557 9752 
75 321 602 815 3417 3437 4293 6658 7997 9110 9221 9474 9819 9968 
76 55 791 1269 2686 2885 3373 3737 4704 5412 6509 6649 
77 44 79 203 540 2218 3860 4678 4991 5206 6731 7231 7339 8711 
78 59 232 237 979 1651 1907 2318 2834 3244 3838 4880 5961 6925 7513 7851 8461 
79 1818 1927 3129 3584 3639 6822 7014 8529 8908 9020 9661 
80 434 569 1302 1484 1752 3121 3131 4284 5843 6452 6798 6997 7856 8179 8658 8859 
81 425 2384 3829 4612 4628 5257 5766 6113 6192 6339 6354 6479 7988 9152 
82 79 1617 2288 3059 3630 3729 3972 4484 4631 4672 5370 5529 6485 
83 72 79 141 563 1930 2559 3332 5059 5219 8541 8972 9173 9871 
84 150 513 1967 2155 3697 3894 4727 5331 5923 5938 6263 7591 8653 8775 8853 
85 2 305 789 1869 3496 3739 4087 4274 5377 7433 7517 8061 8082 8617 9709 
86 925 1077 1296 3096 3600 4144 4884 6022 7565 7829 8350 8538 8888 9194 9284 9692 9968 
87 1829 2569 2904 2962 3511 3881 5854 7752 8630 8806 8948 9231 9699 
88 1479 1960 3171 3753 4731 4830 5436 6824 6983 9456 9976 
89 79 3364 4561 5018 5151 6680 6877 8566 8573 8675 8898 9708 9774 
90 303 944 1130 2126 3951 5829 6292 7112 7285 7428 8532 8581 
91 881 1565 1897 2379 2871 6101 6537 7153 7998 8080 8149 8582 9389 
92 98 1020 1934 2607 3894 4234 4249 4487 4631 5399 5572 6136 6970 7409 7771 7953 8314 
93 1344 2504 2555 3357 5289 6107 6137 6634 7203 9228 9848 
94 786 1948 3049 3333 3627 4453 4967 5181 5962 6712 6762 6833 7160 7394 7621 8167 9159 9301 9478 9885 
95 390 1493 2207 2666 4693 4788 6542 6832 7135 7586 7824 8133 
96 1318 1797 2790 3847 4006 4211 4850 6331 6388 6537 7840 9872 
97 110 1343 2839 3027 4020 4927 5002 6364 6430 7150 8104 8955 
98 688 3320 4772 6038 6561 6606 7414 7477 7699 8279 8988 9861 
99 412 1128 1694 1712 2023 3589 3608 3780 4302 6518 
100 849 1403 2240 2372 2558 2678 5654 5694 7210 9234 9692 9990 
101 338 1039 1524 1568 2214 2962 3150 3743 5589 5770 7314 7934 8894 9373 
102 2252 2723 3985 5483 5643 5780 6411 6574 7790 9196 9490 9645 9702 
103 308 838 1528 1642 1698 1920 3411 3977 4875 5123 5355 5466 6465 7716 8784 9917 
104 1774 3759 4936 7453 7892 8963 9043 9189 9456 
105 732 1021 1561 1713 2675 2941 4271 6201 7336 7817 9566 
106 154 399 982 1206 3356 3687 5656 5887 6038 6480 6704 7438 7568 9038 9124 
107 119 465 2734 3420 3699 3936 4214 4835 5290 5854 7650 8609 
108 1643 3783 3806 4023 6688 7112 7528 9007 9186 9543 9994 
109 995 1558 2027 2211 2437 3452 4135 5315 6137 7972 8881 9156 9244 
110 315 2952 3103 3715 3958 5715 6026 6494 6638 6832 7894 8514 8834 
111 3877 3955 4713 5526 5677 5708 5810 5893 6001 7844 7933 7964 8264 9186 9661 9878 
112 321 925 1498 2104 2401 2749 5026 5655 5792 6124 6320 6609 7415 7729 9855 
113 368 831 3264 5439 5733 6781 7059 7553 8715 9771 9903 
114 971 3074 3177 3231 4644 4967 6793 7711 7876 8384 8648 9532 
115 769 1087 3760 3967 4312 4359 6005 6009 6735 8284 9415 
116 38 523 1299 2093 3994 4954 5294 5451 5734 6616 7716 8192 9033 9200 
117 523 1080 1496 3132 3750 4368 4447 4638 6213 6962 7198 8125 9517 9895 
118 343 1041 1053 1253 1577 1859 2450 4266 6304 7080 8263 9197 9244 9836 
119 79 385 465 1235 2419 2420 2795 3228 6327 6544 6620 8807 9859 
120 1896 3709 4788 4968 6368 6801 7911 8366 8828 9285 9483 
121 680 779 2113 2235 2835 4238 5507 7276 7723 9371 9835 
122 235 321 393 2069 2910 3296 4513 4958 7220 8418 8608 8962 9238 
123 131 1657 2868 2892 3754 4051 4265 5500 5700 5772 5962 6164 6713 6893 8549 8927 
124 309 2085 2666 3300 3507 5044 6079 6868 7083 8169 8484 9303 9752 9842 
125 23 3372 3809 5112 5897 6161 6172 8347 8702 9149 9248 9318 
126 2 127 501 846 937 960 1024 1798 3836 4070 4345 4594 4636 7067 9166 
127 563 753 1823 2402 2962 3837 6854 7050 8191 8356 8671 9114 9737 
128 33 1868 2422 2927 3341 4576 4791 4840 4873 5365 5715 5875 6563 8473 8738 9347 9873 
129 2 482 869 1256 2134 2675 3388 3682 5110 7157 9100 
130 297 380 1127 2270 2715 4035 4990 7466 8114 8462 8603 9755 
131 329 3042 4311 4403 4980 5715 7381 7899 7981 8066 8162 8548 8621 8636 
132 569 787 1099 2058 2295 2375 2463 3132 3758 4264 4622 4898 4900 5663 6424 7430 
133 1425 1671 2872 2986 3745 4192 5190 5988 6462 6549 6763 6936 8054 9722 
134 873 935 1562 2029 2225 2565 3136 5199 6586 7012 7552 7597 7783 9304 
135 568 1358 2364 4019 4724 5103 5510 6177 6505 6613 7141 
136 13 165 1350 1802 1941 4526 4691 5143 5619 6971 8422 8812 9842 
137 465 626 1122 1126 2288 3378 4373 4934 5373 6601 6990 7009 7379 9795 
138 1102 1376 2677 4964 5925 6479 6493 7713 7764 8686 8994 9811 
139 140 581 1163 1832 2442 2721 2984 3144 3328 3894 4730 7154 9704 9718 
140 4 476 478 1162 2490 2882 3074 4460 6556 7469 8033 9121 
141 321 738 1104 1248 2816 3330 3419 3715 4240 6035 6164 7151 7759 8379 8493 9621 
142 261 1105 1652 2548 2643 3414 6459 7347 7493 7576 9508 9688 9716 
143 848 1548 2428 2756 2835 3877 4482 5594 7280 9080 9402 9804 
144 52 632 920 1417 2240 3464 5919 7940 8711 8927 
145 524 598 1256 1533 1574 2002 3276 3405 4356 4360 5096 5470 5715 5737 5849 6702 6728 6745 7920 8843 
146 1203 2515 3248 4206 5208 6363 6578 6685 8491 8844 9974 
147 2 1303 1326 2020 2118 2235 2465 3880 6052 6188 6327 6465 7346 9735 
148 1532 2628 4018 5451 5691 5715 6235 6539 7087 7920 8038 8594 
149 55 2245 2845 3782 6160 6823 6860 6930 7699 9951 
150 731 1069 1560 1878 1969 3058 4181 5182 5798 7026 8308 8830 9142 9643 
151 79 103 976 1943 2154 6050 7302 7649 7754 7824 8056 8829 
152 98 469 1315 1934 2244 3278 8025 8222 8770 8911 9116 9141 9278 9441 
153 448 782 1181 1668 1960 2093 3631 5169 7055 7069 7464 9067 9667 9782 
154 854 947 1366 1468 1476 2153 2962 3069 3327 3974 5913 7347 9489 
155 221 501 719 923 1114 2240 3428 4580 4730 5049 5399 5554 9934 
156 59 2340 2962 3834 3940 4099 6070 6597 7042 7472 8034 
157 277 942 1143 1219 1753 2997 5139 5803 7336 7413 9511 
158 271 592 3290 4334 7484 7712 8520 9339 9375 9722 9925 
159 62 148 923 1193 2708 4651 5715 7884 8066 8967 9876 9936 
160 102 352 1080 1567 1964 2947 3757 3801 4593 4933 6005 6615 7966 8542 9007 9843 
161 2 330 1007 1297 2220 2978 5953 7108 8001 8192 8714 9480 9828 
162 101 129 1798 2298 2536 2590 3827 3936 5977 6587 7571 7613 7617 8274 
163 695 725 891 894 2819 4199 4297 4791 6203 6545 7201 8956 
164 230 1077 1107 1586 1709 2189 3495 3936 4314 4553 4957 5131 7458 7921 8947 
165 321 547 1125 2063 2131 2684 5403 8435 9773 9811 
166 601 1457 2243 3471 4740 5294 5388 6089 6760 6913 7699 8711 9895 
167 119 549 3117 3745 3982 5960 6978 7527 7674 8318 8677 
168 533 1036 2098 3012 4360 4685 4901 5370 7066 7573 8997 9379 
169 349 369 845 1380 2240 2372 2589 2842 3048 3192 4573 5042 5605 5707 8953 
170 729 738 2096 4217 4597 5580 6674 6682 6692 8114 8269 8522 8564 8932 9963 
171 1316 1391 1497 2816 4356 4625 5079 5207 5764 6409 6627 7902 9691 
172 1019 1461 1792 2315 3980 6458 6489 6613 6764 7157 7627 
173 392 1457 2105 2493 4000 5410 7491 8530 8940 9023 
174 735 2110 2240 3085 3127 3255 3645 3758 7173 7894 8057 8315 
175 1801 2615 2962 3025 4780 5453 5766 6730 6914 7490 8092 8103 9490 9630 
176 153 438 1772 2119 2825 3411 5286 5929 6651 7215 7883 8310 9787 
177 62 487 3671 4781 5537 5827 6117 6161 6405 6656 7142 7949 9292 9485 
178 410 3447 3479 5002 5028 5661 5942 6224 6406 6731 6897 7334 7524 7719 7883 8212 8800 9406 
179 1757 1879 2526 2718 2877 3525 4407 6947 7001 7329 9210 9222 9746 
180 167 321 972 1011 2604 2625 5386 6126 8195 8660 8897 9533 9789 9909 
181 2141 2192 3011 3508 4472 4555 5768 6973 7012 7077 7342 7926 8040 9717 
182 653 935 2180 4120 4340 6186 6202 6223 6297 7208 9312 9681 
183 1369 2034 2181 3545 4013 5868 6231 6537 7409 7536 7692 8790 9314 9511 
184 341 518 1104 1586 1735 2317 2881 3109 4273 4531 5724 8855 
185 2 2130 3034 3543 4209 5846 6371 7313 7350 7354 7715 8528 8622 9041 9666 9807 
186 281 1678 2302 2953 3418 4477 4708 6014 6949 7240 7561 7779 8158 
187 350 557 2349 2447 4008 4256 4902 6124 6713 6818 7153 
188 1162 1468 3178 3433 3836 4564 5715 5855 6003 6457 7791 8027 9225 9345 
189 79 366 475 779 3012 3838 4138 5078 8312 8434 9145 9484 
190 382 802 2908 3482 3763 4172 5464 6089 6170 6702 6942 8092 8891 8940 
191 87 353 400 1576 1625 1741 2860 2952 5156 5715 6841 6899 9418 9579 9738 
192 478 1238 1370 2363 2961 5532 5829 7654 7832 8468 9244 
193 1848 2258 4958 5169 5375 5615 5842 6608 6882 7242 7311 
194 321 673 1340 1431 2714 3728 5772 6613 7121 7593 7827 9415 9622 
195 90 220 1537 3233 4342 5378 5426 5574 6334 7090 7686 9063 9244 9411 
196 699 1867 2029 2319 3366 4211 5298 5850 6861 7069 7852 8199 8466 9302 
197 1622 3381 3522 3700 4151 4438 5011 5316 7888 8237 9210 9606 
198 523 3105 3195 3613 4503 4955 5121 5382 7852 9548 9894 
199 935 1051 1530 2134 2574 2758 2962 3473 4170 4474 8236 9081 9745 
200 100 3192 4191 4512 4895 5564 5736 6899 7487 8134 9070 
201 2 66 1579 2123 2708 2740 2842 3489 3963 5195 5597 5938 6864 7036 7454 7713 8331 
202 730 2977 3012 3273 3813 4412 4580 4969 5037 5415 6280 7540 
203 260 1915 2697 3293 3742 3843 5455 5752 5795 5880 6267 8845 9726 
204 145 207 871 1381 1718 1721 2040 2335 2590 2795 2920 3280 3532 6223 7699 
205 518 2664 2924 2966 3507 3747 4206 4401 5913 6168 6292 6554 6708 7819 7880 7881 8319 9489 
206 151 3209 3592 5730 6161 6391 7247 7268 7584 7942 8799 
207 79 2184 3672 5097 6193 6504 6835 7555 7580 7597 7689 8576 
208 61 321 796 1180 2577 2633 3313 3354 3439 3981 4280 4941 5850 7810 8642 9449 
209 1849 3297 3488 3521 4090 4933 4981 5057 5412 6020 9207 9417 
210 567 674 1199 2130 4770 5621 5652 5981 6098 6393 6604 6736 7607 9347 
211 86 1840 2408 3313 3486 4588 5573 5737 7734 7771 8112 
212 976 1845 2285 3411 3659 3895 6490 6746 7518 7855 8812 9894 
213 406 3024 3705 4073 4332 4937 6749 6904 6982 7072 7183 8111 8230 9341 
214 321 459 480 865 1202 1805 2458 2611 4639 5683 7859 8514 8521 8661 
215 666 688 1106 1545 3936 4256 4471 6315 6952 6986 8413 9904 
216 318 451 560 1534 2869 3080 3953 5851 6875 6954 7841 7942 
217 752 1510 1905 2331 3669 3982 4440 4940 6548 7901 9196 9668 
218 753 1035 4398 4917 5361 5391 6485 6637 8002 9143 9824 9842 
219 456 741 1944 2317 2459 3979 4497 5339 5388 5572 5677 5715 6098 8093 
220 56 328 2251 2776 3274 3808 4556 4793 5333 5437 5530 7742 8340 8955 
221 777 2370 4297 4340 4942 5288 5605 6051 6194 8272 9332 9424 9628 
222 1756 2241 2547 2743 4077 4593 6893 7997 8077 8253 9933 
223 321 759 2505 3600 4210 4275 5466 6241 6294 6482 8662 9243 9728 
224 551 3515 3820 3936 4769 6345 6573 6961 7019 7021 8681 9678 
225 47 2373 2800 2962 4195 5248 7504 8190 9196 9241 9530 
226 321 446 1645 2790 3126 3755 4578 4605 4688 4737 5030 6658 9349 
227 1208 1626 1734 1920 2300 2861 3612 4654 6144 6327 7602 8813 9779 
228 316 2024 3848 3911 3926 4359 4841 4858 5447 7105 7500 7883 8836 8894 
229 321 1189 1921 2536 3600 3782 5279 6179 6855 7095 
230 2340 2555 2893 3415 3520 4772 4818 5117 5564 5615 6191 7292 7700 9976 
231 1258 1427 5121 5964 7713 7887 8025 8392 8393 8922 9067 
232 512 779 1476 3185 3800 4200 4913 7259 7677 7718 7949 8360 
233 472 1323 1440 2165 2958 2962 4053 4062 5061 5811 6542 9141 9421 
234 1353 1493 1668 2304 2540 2561 3086 3425 4766 7262 7353 8162 8468 9356 
235 529 1042 1907 2172 3660 4867 5263 5623 8122 8446 9005 
236 558 587 1328 1760 5668 5971 6227 6619 6698 7153 7704 7761 
237 122 1037 1303 2710 3083 3894 5213 6665 6950 7092 7150 8462 
238 1626 2121 2329 2674 3785 4395 4787 5805 5955 7759 7781 9159 9505 
239 863 2437 3345 4093 4154 4488 5039 5529 6231 6398 6619 7050 7654 8090 8949 
240 616 686 937 1594 2720 2986 5583 5642 5943 6879 7541 8529 9590 
241 321 744 1371 2555 3034 3129 5022 5547 5587 6065 6273 7806 9260 9535 
242 889 1177 1341 2892 3536 3718 3889 4744 5952 6200 6643 6704 6770 7079 
243 287 321 774 4410 4967 5103 5705 5903 7052 7071 7571 8040 9668 9957 
244 79 3255 3805 3948 4177 4253 4351 4572 5018 5193 5775 7842 8292 9433 
245 291 527 840 1530 1570 1953 4178 4382 6139 6346 6503 7089 7259 7472 7702 
246 1813 2240 3461 3479 3666 3690 4750 5937 8166 8177 8503 9662 9930 
247 47 399 3269 3399 4493 5993 6884 8290 8483 9457 9781 9898 9935 
248 427 2454 3716 4563 4637 5465 6253 6366 7955 7992 8473 9698 
249 60 65 185 353 528 1869 2773 6416 6432 7522 8079 8710 8939 9065 
250 2253 2384 3408 3867 4424 5722 6669 7043 7153 8604 8605 9013 9241 
251 482 763 1032 1150 2947 4090 5401 6482 7664 7686 8390 9232 9761 
252 140 511 1517 3184 3862 4815 4996 5382 6613 7069 7203 7880 8038 9030 
253 797 2569 3656 5727 6396 7146 7560 8050 8504 8608 8716 9640 
254 3973 4455 4645 4739 4870 5123 5170 5715 5903 6522 7777 7864 8135 9326 
255 372 445 857 2811 4139 4352 4892 7653 7723 8125 8291 8859 9954 
256 512 639 885 2389 2468 5440 6491 6572 7215 7743 8174 8293 9616 9712 
257 116 458 1040 2235 2599 5919 5953 6367 6918 7631 7991 8402 8719 9579 
258 2 1031 3561 4141 4769 7114 7546 7843 7887 9049 
259 52 756 1036 1664 1779 1992 2121 3044 5433 5558 6085 7756 7977 8091 8713 8959 9352 
260 1156 1294 1537 1850 2480 2793 2952 3326 5375 6155 6588 7854 8729 
261 1353 1491 2240 3799 4256 4301 4962 5342 5389 5803 6607 8034 8371 8829 9710 
262 458 655 3171 3871 5000 5118 6001 7040 7699 7710 9150 9707 
263 935 2235 3115 3614 3838 4475 4720 4911 6153 6912 8640 
264 415 1205 2313 2949 4672 4714 6452 7762 8033 8233 9139 9428 9606 9630 
265 196 1272 1339 2544 2643 3769 5588 6327 6770 7408 7464 8285 9927 
266 153 1655 2858 3074 3419 4521 4767 5675 6223 6298 7234 9144 9580 9927 
267 297 820 3792 5046 5661 5931 6476 6818 7389 7640 7893 9617 
268 925 1697 1912 2089 2923 4305 5644 5655 6763 6877 7966 9298 
269 1147 2609 2962 3473 5367 5376 6661 8665 8722 8990 9807 9817 
270 1030 1104 1132 1941 2647 3563 3795 4068 6258 6656 6961 6989 7419 9098 9360 
271 2240 3459 3618 3782 4655 4680 5124 5299 6106 8227 8728 9129 
272 315 520 658 1774 1925 3584 4757 5291 5835 6498 7037 8092 8234 8618 
273 1815 2998 3415 3936 3987 4563 4567 5203 5716 6107 7322 
274 385 945 2240 2863 3200 3582 4058 4644 6122 7864 7954 8752 8934 9440 9891 
275 140 2315 3591 4017 6097 6585 7308 7949 8312 9091 9270 9534 
276 1017 1809 2210 3885 4956 5112 6345 7006 7174 9325 9424 
277 2345 2925 3033 3265 5114 5554 6133 6854 7481 7789 8219 8994 
278 79 1261 2248 3262 4462 4761 4788 4812 5005 5038 6920 7104 8250 9315 9676 9753 
279 273 3128 3453 3909 4837 6134 6628 6873 7367 7715 8195 8675 8729 8944 9707 
280 205 658 1079 2195 2962 3626 3878 3890 5951 6209 6369 9207 9530 
281 296 552 648 678 1527 2484 2508 2752 2988 3101 5927 6897 8438 8708 
282 319 527 962 1261 2267 4265 4356 4527 5652 6926 7153 8276 8428 9795 
283 351 610 2081 2240 5326 5468 6128 7809 7953 8299 9714 
284 1711 1826 1946 1984 2101 3973 3975 5016 6528 6647 8226 8438 
285 7 160 642 4677 4918 6132 6563 6884 7883 7888 8731 
286 455 751 3500 3544 4370 6142 6234 6950 7363 8994 9279 9901 
287 127 1825 2321 2498 3074 5628 5692 6146 8068 8255 8570 8849 9990 
288 166 804 1017 1348 1517 2243 3120 3225 5006 5756 6425 7210 8515 9693 9842 
289 562 684 2574 3148 3158 3276 4077 4112 5247 5841 6768 8739 8939 9006 
290 259 560 895 1470 1590 3217 4412 4436 5268 6304 7545 9705 
291 603 724 1437 1552 3152 3170 4182 4392 5703 5870 8074 8688 
292 528 1911 2853 2857 3173 4082 5304 5902 6056 7443 7592 7762 8202 8382 8386 
293 319 2644 3646 3807 4020 4628 6085 7128 7184 7507 7875 9527 
294 772 3289 5546 5662 6231 6332 7334 7356 8292 8481 8716 9479 
295 1587 2962 3461 3584 4058 4319 5318 6203 6494 6496 7436 7739 8738 9736 
296 966 1473 2058 2562 3375 5454 6112 7257 7699 7942 8367 9698 9966 
297 827 998 1791 1935 3452 3877 4051 5322 5532 6487 8054 8245 9047 9536 
298 258 472 919 930 1697 2439 2694 4365 6387 8188 8319 8457 8757 
299 2 4 292 4326 5595 7173 8004 8318 8343 9409 9455 9781 
300 321 1272 1368 2299 3697 4035 4984 5320 5459 5460 6498 7154 9216 9484 9743 
301 79 715 2829 3038 4343 6560 8280 9199 9459 9627 9663 9755 9830 9947 
302 1924 2313 2381 2514 3133 3842 3952 5340 5885 6741 7671 7944 8345 8539 
303 73 850 979 1807 3092 4940 5296 5327 5671 6317 6443 7267 8037 
304 498 683 1117 2656 2962 2988 4400 5394 6856 7403 8217 8893 9218 9237 9604 
305 1894 1958 2693 3474 4566 4684 5192 7249 7825 7997 8808 9554 
306 713 1850 1888 2472 3028 3390 5487 5715 6361 6473 7521 8547 8947 
307 179 1790 2742 3065 3151 3224 4248 6174 7699 8413 
308 199 1595 2746 2827 2915 3002 4453 4483 4549 7131 7438 7824 8426 
309 392 2611 2962 3131 4089 5557 6639 7455 7784 7997 9546 9938 
310 927 1111 1375 2068 2213 3484 6256 7444 9266 9804 
311 386 843 2901 3438 4705 4837 5086 5418 5880 6949 8318 8357 9440 
312 159 334 1132 1178 2962 3436 3925 4042 4303 6636 6875 6896 9051 
313 321 611 847 1186 3295 3860 4743 4777 5635 6149 6412 8334 8911 
314 1387 1761 2067 2240 2549 3475 3545 3691 3883 4829 5731 5848 7474 7899 8095 8312 9816 
315 905 3026 4186 4840 6397 7396 7670 9039 9556 9842 9870 
316 841 2415 2954 3125 3589 3901 4299 5644 6037 7762 8265 8967 9471 
317 49 60 736 771 1573 1774 2764 3120 4954 8133 8182 8569 8638 
318 707 3214 4205 5614 5848 5919 7016 9176 9472 9675 
319 321 441 2738 4013 4379 6422 6922 7912 8429 8732 8734 9421 9834 9996 
320 2 203 714 1377 1566 1828 3303 4176 4224 4771 5327 5411 8120 8168 8549 9335 
321 439 772 2697 3945 4274 4633 5381 6248 8135 8571 9129 9158 9980 
322 1828 1901 2390 2962 3239 4288 4580 5019 5386 5534 7042 7666 8340 8410 9761 
323 1286 1493 2003 2145 3345 4600 6482 7594 8180 8796 9591 
324 127 292 1716 1826 3953 4124 5912 6899 7155 7438 8638 9822 
325 118 169 3092 3149 3181 5382 5481 5521 5756 8664 9043 9340 
326 180 700 750 855 1459 3354 3481 3637 4442 6364 7639 7898 
327 427 490 2498 3729 3885 4059 5773 7445 8588 8992 9145 
328 1202 1280 1491 2384 2485 2768 4247 5244 5976 7438 7777 9017 
329 52 79 408 1018 1840 3754 5099 5268 6052 6836 6900 7447 7771 8042 
330 923 1318 4417 5111 5963 6485 8491 8521 9081 
331 642 1570 1722 2240 3852 4563 5126 5382 5411 5505 5876 6768 6920 7356 9054 
332 3012 3591 3993 4355 4589 6360 6524 6941 7575 7872 7969 8672 9832 
333 167 2183 2677 2880 3123 3404 5106 5532 5677 6450 7354 8751 
334 780 2071 2609 4615 5092 5930 6597 7498 7728 9307 9804 
335 915 1668 2236 2878 3602 3738 4533 5256 5267 6574 7100 7521 
336 70 489 2454 2863 4901 4943 5476 5603 7813 8154 8741 8975 9746 
337 21 79 740 1114 3211 3398 5363 5507 7057 7196 7341 
338 198 394 1717 2965 4855 5245 6329 7301 7654 8018 8345 8481 9448 
339 159 946 1870 2667 3292 4322 5059 6082 7161 7659 8521 9283 9703 
340 125 300 1849 1936 2189 2310 4448 5286 5762 6032 7226 7661 7932 9663 
341 310 1214 1822 2538 2675 4823 5184 5466 5848 6431 6784 7104 7206 7464 
342 531 3206 3618 4577 4843 5050 5775 5938 7699 8725 9700 
343 57 137 939 2043 3886 4099 4510 4533 5079 5423 5715 6082 7120 8078 
344 2 88 243 1029 1527 2614 3557 5171 5451 5693 5846 5957 6359 8152 8771 9032 
345 1155 2306 2962 4796 5569 6746 7381 7852 8607 9509 9986 
346 1564 2006 2240 3293 3311 3707 3948 4117 5142 5522 6092 6296 7473 9416 
347 1428 2240 2541 3325 4139 5045 5506 6456 6703 7689 8807 9903 
348 79 542 935 1754 3268 3508 3981 4714 4950 6144 6875 6976 8208 8801 9687 
349 188 2038 3040 3277 3614 5163 5280 5412 7354 8798 9092 9599 9825 
350 330 441 779 2114 5135 5575 6517 7774 8605 9201 9806 
351 8 1348 1498 1666 1826 2255 2640 2798 2932 4307 4934 5297 7165 7191 7762 8220 8670 
352 1986 2504 2639 4215 4872 5015 5347 5794 6952 7409 7864 8676 
353 1893 2306 2652 2693 3293 3982 3983 5463 5775 7253 8201 8720 9547 
354 79 349 602 2137 2712 5322 5647 5898 5965 6206 6443 7188 7910 
355 239 1857 1955 2172 2240 2271 2307 2930 3097 4027 6262 6385 6952 9170 
356 1255 2327 2653 3001 3127 3523 3653 4255 6557 7489 7562 9377 
357 321 1059 1992 3056 3971 4223 4766 4821 4835 5044 8521 9024 9075 9487 
358 979 1113 1356 1584 4187 4296 4576 6020 6330 6504 7455 8040 8688 9470 
359 79 998 2409 3375 4438 5461 6527 6587 7638 8024 8154 
360 33 452 652 1266 2123 2515 2877 3006 3100 5302 6511 6665 7338 8548 9733 
361 977 1776 2397 3106 3500 3877 3907 4251 5162 6239 6893 8674 9254 
362 563 3395 3487 4892 5179 6101 6287 6619 7877 8833 9666 9898 
363 827 3418 3792 4030 5332 5379 7327 8979 9835 
364 771 1157 1960 3525 4100 4548 4569 4607 5368 5681 5715 5912 6710 8431 9390 9735 
365 2 2584 2626 2781 5828 6034 6526 6660 7645 7800 9459 9758 
366 184 324 2754 5066 5361 5445 5461 6336 7589 8983 9960 
367 79 1014 2246 3090 3383 3603 4743 5829 6241 6354 6739 7336 7429 7686 8007 9654 
368 1297 1635 2057 2313 2644 4222 5651 6386 8994 9314 9444 9542 9692 9831 9894 
369 2288 2581 3282 4343 5240 5534 6105 6187 6521 7157 8120 8595 9330 9788 
370 90 1763 2019 3161 3400 4927 5722 6662 6717 7100 7698 7740 8226 8236 
371 129 979 1201 1630 3217 3545 3941 4282 4724 7377 7881 
372 1002 1390 3045 3242 3704 5275 6668 6938 7191 7210 9530 9588 9955 
373 1481 2208 2598 2985 3887 4583 4652 6060 6432 7240 7648 8976 
374 241 869 2522 2574 2750 3769 4479 4967 5109 7610 9508 9969 
375 674 728 1976 2793 4406 4673 5369 7054 7179 8040 8639 9400 
376 525 888 1010 1347 2345 3815 4025 4067 5163 7296 8239 8809 9495 
377 2013 2132 2905 3441 3964 4722 5131 5365 6167 7350 7576 8146 9306 9952 
378 21 1572 1663 2220 2435 3221 4627 6551 8218 8396 9534 9811 
379 1079 2536 4652 6065 6581 6969 7730 8394 8433 8606 
380 845 2243 2437 3547 3624 6023 6710 7591 7641 7966 8994 9944 
381 367 680 979 1244 3571 3681 4015 4903 4913 5187 6313 7158 8069 8712 9898 
382 305 2149 2570 5870 6131 6448 6785 6822 7594 8346 8985 9740 9912 
383 2832 3035 3201 4000 4330 5486 6666 7681 8094 8345 
384 1076 1894 1900 2163 2282 2590 5010 6516 6938 8077 8504 
385 598 728 837 966 1139 1774 2346 3267 5931 7225 7434 7884 8444 8907 9821 
386 581 668 1601 2038 3158 3814 4027 4081 4591 6255 6376 7796 8009 8324 8659 8917 8919 9845 
387 194 1426 1755 2489 3074 3461 4340 5008 6669 7261 7716 7877 9976 
388 562 1562 2827 3682 4967 5375 6243 6625 8149 8256 8305 8951 
389 365 1049 2282 2595 3667 5744 5920 5979 6571 7398 8102 8601 9141 9364 9548 
390 895 906 1242 1326 1770 1871 2206 2287 2720 4108 4203 4891 5251 6119 7355 
391 969 1023 1499 2854 4401 7087 7461 7555 8801 9298 9602 
392 362 1521 2112 2211 4254 5499 5788 5870 6688 7104 7595 8676 
393 7 604 659 778 3490 4220 6374 7262 7883 8520 8647 9211 9769 
394 195 912 1077 1320 1975 2121 5118 6695 8396 8971 9207 9698 9920 
395 1082 1381 1648 1954 2155 3189 3236 4564 6038 6348 7433 9504 
396 886 1133 1259 1718 3012 3433 3716 4277 4723 5082 5413 5809 6030 6552 7693 
397 1310 1737 2863 3194 3797 4679 4864 4894 7354 7577 8255 8362 8425 8619 
398 143 1058 1310 1327 1451 2231 3672 6146 6707 6745 6748 7652 9343 
399 420 1065 1753 2166 2443 2604 2631 4316 4697 5604 5625 8449 9637 
400 2092 3607 3895 3971 3978 4280 6453 7338 7438 8171 9366 9682 9722 
401 1007 1496 1566 5412 5624 5680 5951 6792 7318 7874 7945 7950 8107 8887 9050 9068 9551 
402 769 2796 2856 3747 3887 4690 6021 7882 8402 9153 9216 9567 9598 
403 2582 4043 4602 4608 5012 5225 5678 6971 7006 8693 9023 9533 9984 
404 790 938 1799 1807 3377 3515 3696 3868 4911 5976 6244 6382 7254 
405 319 955 1796 3109 3534 5564 5685 6139 7249 7806 8481 9328 9886 
406 384 2156 3722 4248 4631 5354 5572 6180 6448 7833 8689 
407 35 403 1151 1265 2423 5011 5672 5707 7605 9374 
408 1500 1952 2000 2550 3552 3677 5382 6435 7230 7823 8238 8442 9244 
409 839 1299 2922 3276 4919 5228 5755 6073 6276 7051 7900 9022 
410 341 380 424 1592 1696 1732 2327 3795 4747 8570 9825 
411 852 1620 1668 1858 2116 2410 2653 3064 3291 4974 5661 6870 9648 9956 
412 311 558 2112 3468 3570 6125 6646 8263 8656 8868 9128 
413 986 1140 1566 1667 1690 1916 2030 3118 5119 6063 6769 6850 7708 7883 9474 9521 9846 
414 2757 3039 3113 3420 3623 4085 4725 5638 5936 6281 9987 
415 40 455 720 1067 1774 1838 2389 3557 5217 5801 8308 8440 8813 9631 
416 94 184 453 1058 2769 3020 3445 4001 4116 4181 8483 
417 237 827 2956 4055 4743 6192 6410 6619 6627 6729 7997 8331 8547 9742 
418 4871 5670 5820 6540 6799 7473 7624 7982 8053 8722 8817 9978 
419 148 2718 2749 3012 3881 4830 5973 7119 7175 7315 9370 
420 403 464 896 2693 3615 4956 5301 5720 5721 5785 6686 7710 8125 
421 91 272 468 2291 4415 4725 5186 5763 6477 8120 9517 
422 1014 1329 2666 3767 4918 5485 6116 8265 8749 9223 9281 9361 9425 
423 1024 1054 3736 3817 4826 5126 5196 5316 5775 5995 6656 9810 
424 935 2154 3697 4738 4806 4973 5206 5677 7837 8325 8382 9704 9862 
425 3192 4013 4404 4410 4928 5781 6096 6145 6534 7660 9210 
426 699 2419 2846 4317 4389 4672 4682 5945 7891 7933 8438 9763 
427 103 3602 4253 4947 5049 6107 6209 6351 6550 7123 8801 9842 
428 412 2428 2720 4015 4115 5295 6041 6256 7531 8268 8685 8820 9493 
429 192 1273 2297 2550 5414 6627 7067 7542 7632 8207 9180 9465 
430 427 953 2058 2267 4480 5317 5613 5864 6049 8386 8549 8858 9055 9150 
431 133 156 554 857 935 1644 2460 2906 3932 4060 4964 5141 5649 6061 7657 8435 9008 9225 
432 1079 1316 1404 3286 3943 7416 7686 7804 9450 9533 
433 142 411 1101 2225 2390 3737 4778 5869 6109 6149 7117 7703 7972 9097 9548 9668 
434 176 3019 5030 5814 7223 7562 8716 8895 8994 9092 9340 
435 270 476 2163 2507 3472 3619 5109 5216 8303 9648 
436 163 1247 1501 2232 2532 3433 3721 5606 6021 6066 7308 9622 9956 
437 124 1645 3982 4508 5886 6118 6358 7085 8822 9774 9852 9912 
438 323 783 1092 1877 1992 3175 3773 4142 4199 4505 5292 9454 
439 54 1167 2643 2765 2781 3922 5661 5973 6490 6801 7113 7138 7832 
440 42 281 3189 3597 4980 5061 5425 6329 6354 6537 7313 7961 
441 815 1121 1154 1991 2362 3371 3375 4161 5799 6661 7662 8394 
442 714 2129 2318 3299 4170 4450 5159 5217 7059 8435 8666 9225 9244 9989 
443 573 1911 2058 2705 4049 5929 6602 7292 8371 9241 9797 
444 719 1357 3183 3313 4261 8273 8540 8559 9500 9524 9733 
445 3349 3804 4870 5782 6255 6296 6337 7221 8177 8329 8697 8770 9508 9761 9842 
446 130 2969 3283 4679 4759 5737 7935 8155 8968 9146 9244 9445 
447 948 1160 1911 2275 2760 2904 2915 3881 4140 4402 4627 4932 5872 6258 7431 8024 
448 1124 2141 2345 2704 3074 4029 4594 5001 6151 7126 7222 8520 9614 9859 
449 562 1871 2065 2332 3074 3702 3959 6577 7434 7821 9170 
450 1071 1433 1998 2013 2177 2317 5243 5698 6578 8749 9249 9962 
451 8 76 469 542 681 1876 2441 3892 5367 7448 9905 
452 3362 3858 5104 5363 5392 5573 6833 6969 7680 7688 9199 9860 
453 1682 1974 2223 3885 4506 4752 4862 4973 6907 7563 7893 8021 8091 9711 9820 
454 1481 2657 2704 3478 3999 4250 4456 4626 6760 8320 8451 9715 
455 591 1423 1774 1781 3338 4582 4736 5018 5129 5752 6508 7373 8402 
456 279 1989 2483 3021 3200 3706 5643 5767 6130 6242 6613 9188 9599 9608 9937 
457 241 2175 3323 4068 4597 5384 6042 6850 7890 8118 8328 8641 
458 2022 3777 4061 6411 6547 6605 6607 8624 9242 
459 806 2203 3103 3184 4744 4945 5427 6642 7409 7963 8443 9494 
460 895 1901 2568 3971 4119 5183 6639 6920 7180 8026 8215 8960 
461 687 758 1193 1625 1694 1767 2351 4071 4501 4698 6312 6434 6949 7574 8686 9364 
462 161 2437 3044 4070 4095 4259 4476 4484 5822 7651 7875 8461 
463 752 881 1535 1574 1616 3293 3996 4102 5237 5876 6431 6884 7037 8062 8585 9036 
464 649 1817 3534 4638 5418 5783 6151 6993 8304 8389 8951 9073 
465 314 908 1518 2680 3894 4328 6020 6169 6354 7497 7560 
466 68 893 977 1546 2121 3575 3680 4162 5258 5538 5987 6112 7078 8827 8846 9646 
467 1624 2141 3896 4019 4334 4378 5386 5897 6104 6148 6217 6521 7438 8372 9014 9943 
468 629 797 930 1655 1997 2239 3573 4834 6687 7143 8321 8418 9092 
469 454 2188 4315 4713 4773 5530 6814 8460 8574 8749 9834 
470 369 2119 4941 5476 5789 6584 6776 8202 8789 8819 9064 9501 
471 370 1055 1136 2616 2856 3783 3797 6780 7022 8862 9007 9152 9153 9474 
472 220 1335 2249 4814 5158 6590 7184 7802 8011 8549 9615 
473 196 1960 2084 2445 3528 4130 4151 6977 8226 8684 9179 9237 9533 
474 30 1284 1392 1727 3616 3657 4192 6086 6257 6267 9821 
475 1338 1356 1983 3813 5470 7232 7285 7359 7746 7797 8824 9007 
476 507 1280 2629 3133 3412 4907 5712 6628 8140 8405 9187 9208 
477 1355 1772 1844 2519 2628 4972 5748 5887 7137 7228 7396 9318 9605 9893 
478 3 158 326 3953 4021 4227 4624 5688 6091 6789 7270 8524 8994 9408 
479 265 566 2952 3479 6136 6210 8368 8383 8994 9045 9442 9677 
480 2516 3448 3492 3699 3758 4908 4979 5230 5890 6464 6573 7090 7153 8185 8486 9649 
481 974 1348 1712 2164 2444 2856 3256 4097 6342 6552 7949 8901 8939 
482 3389 4489 4530 4805 6568 6857 7779 7937 8716 8939 9676 9803 
483 510 1008 2623 2750 3345 3442 4147 6112 8470 8845 9606 9777 
484 1383 1714 2937 3298 4050 5543 6815 7070 7656 9253 9403 9875 
485 367 790 2161 2388 2433 3653 3690 4152 4252 4573 4793 6072 7522 8674 
486 1406 1553 2829 2878 4245 4330 4431 4909 4931 5683 7023 7946 8183 8534 
487 53 92 100 102 391 1609 3012 3286 4070 4243 4647 6987 9150 
488 345 2017 3875 5350 5744 5836 6682 7301 7448 7471 7481 9276 9545 9679 
489 519 685 1078 2867 3126 6044 6349 6958 7812 7949 8772 
490 189 853 905 1439 1625 2288 2526 2767 3164 4041 5813 7501 8222 9829 
491 249 1749 2190 2563 4169 4713 5759 5834 7762 7792 9077 9208 9542 9709 
492 748 1200 2540 3032 3383 3720 3937 4595 5007 6807 8446 8673 9888 9997 
493 375 2049 2414 2586 4153 4226 4347 5610 5962 7138 7760 8195 
494 636 2015 2554 3554 4703 5748 6863 7059 7287 8092 9752 
495 812 2327 2578 3851 5313 5603 6085 7381 8654 8724 9376 
496 578 612 774 1981 2533 3910 5109 6809 6885 8080 8940 9234 
497 9 415 2605 3103 3601 4517 4572 5457 7072 7652 7730 8260 8440 8453 8996 
498 1541 1568 3198 3265 4350 4491 4670 4805 4952 6778 7948 8237 8916 
499 383 979 1029 1210 2351 2540 2925 5142 6037 7565 8343 
