100
0 3 77 503 760 781 854 870 1214 1241 1346 1354 1422 1456 1663 1818 1901 2076 2110 2210 2560 2622 2788 2814 2848 2948 2965 2966 2972 3075 3218 3279 3354 3360 3413 3550 3635 3655 3703 3883 4087 4107 4360 4637 4639 4954 5028 5035 5089 5152 5228 5235 5292 5520 5555 5773 5785 5801 5892 5928 5985 6015 6040 6226 6281 6350 6371 6520 6557 6584 6591 6933 7095 7115 7253 7275 7483 7524 7715 7866 7897 8044 8172 8399 8460 8486 8631 8640 8684 8834 8898 9000 9090 9105 9212 9218 9270 9787 9812 9931 9966 9977 9988
1 300 385 421 519 577 718 729 837 867 908 1024 1084 1153 1317 1414 1466 1551 1679 1694 1854 1881 1897 2035 2160 2240 2274 2405 3102 3244 3275 3282 3310 3595 3651 3730 3777 3781 3799 4118 4150 4172 4234 4271 4290 4472 4562 4629 4643 4652 4656 4781 4785 4858 4906 4932 4940 5012 5135 5225 5364 5516 5707 5711 5767 5817 5854 5858 5997 5999 6153 6207 6264 6296 6315 6516 6563 6650 6713 6733 6793 6902 7218 7313 7374 7403 7440 7450 7546 7666 7812 7836 7981 8095 8202 8222 8285 8290 8376 8397 8413 8554 8571 8830 8892 8914 8975 8977 8984 9113 9211 9250 9294 9480 9520 9850 9875
2 143 307 333 428 547 603 621 648 838 937 971 1261 1361 1392 1405 1435 1533 1557 1581 1775 2053 2337 2345 2388 2688 2818 2825 2828 2841 2893 2894 3153 3189 3194 3196 3875 3978 4155 4177 4191 4405 4457 4697 4730 4867 4986 5030 5374 5465 5479 5623 5643 5703 5774 5810 5814 5868 5878 5883 6075 6117 6121 6127 6158 6349 6434 6490 6754 6816 6921 7123 7320 7420 7434 7562 7592 7618 7733 7822 8039 8081 8090 8092 8114 8166 8954 8964 9002 9026 9036 9054 9066 9069 9251 9293 9455 9795 9890 9891 9973
3 646 891 911 1041 1397 1492 1582 1599 1624 1626 1719 1796 1912 1970 1978 2153 2227 2577 2753 2832 2904 2912 2945 2982 3100 3104 3108 3123 3155 3225 3356 3483 3496 3531 3641 3715 3816 3965 3984 4038 4188 4301 4755 4825 4832 4900 5060 5076 5123 5190 5606 5659 5914 5916 6067 6268 6304 6374 6443 6643 6697 6783 6994 7019 7042 7083 7177 7226 7288 7518 7684 7704 7779 8013 8257 8258 8288 8294 8339 8343 8382 8671 9055 9231 9310 9532 9840 9881
4 161 222 548 600 623 641 651 750 806 889 969 1186 1221 1327 1433 1454 1697 1715 1738 1924 1966 1989 2012 2115 2306 2309 2602 2653 2661 2745 2939 3283 3298 3361 3434 3435 3623 3744 3850 3917 4015 4069 4106 4209 4226 4365 4375 4422 4478 4554 4797 4977 5095 5176 5253 5276 5280 5295 5302 5406 5474 5578 5666 5835 5930 6112 6541 6571 6648 6779 6826 6868 6924 7057 7140 7186 7273 7415 7426 7537 7549 7714 7757 7846 7941 8634 8669 8713 8789 8979 8985 9021 9190 9274 9437 9533 9597 9614 9766 9876 9964
5 53 115 196 226 234 377 564 826 846 956 995 1275 1328 1491 1589 1941 1950 2027 2083 2136 2154 2157 2208 2526 2670 2810 2936 2942 3105 3206 3281 3336 3355 3395 3406 3411 3420 3495 3633 3811 4133 4139 4194 4314 4396 4596 4690 4720 5007 5177 5428 5527 5667 5836 5886 6109 6128 6228 6369 6509 6559 6606 6613 6634 6726 6749 6797 6874 7067 7079 7242 7429 7460 7489 7615 7623 7773 7852 7889 7947 8072 8107 8133 8186 8235 8317 8402 8422 8455 8472 8479 8600 8674 8828 9016 9191 9325 9605 9617 9718 9762 9776 9863
6 25 33 48 81 178 410 469 687 1279 1296 1549 1563 1637 1699 1825 1929 2089 2182 2198 2213 2505 2525 2528 2550 2639 2730 2782 2796 2920 2978 3050 3071 3110 3317 3348 3690 3714 3844 3856 3898 3906 3928 3930 4053 4115 4251 4559 4597 4620 4673 4945 5055 5183 5242 5317 5583 5664 5937 5989 6092 6166 6418 6486 6555 6639 6717 6872 6940 6990 7027 7100 7109 7249 7265 7314 7376 7430 7431 7516 7631 7685 7707 7909 7921 8266 8424 8506 8711 8759 8786 8822 8878 8910 8925 8931 8957 8966 9102 9189 9233 9289 9312 9336 9445 9598 9707 9768 9794 9954
7 51 103 130 390 670 688 789 824 839 860 963 1064 1197 1280 1297 1364 1461 1497 1514 1667 1711 1873 2123 2200 2215 2342 2466 2630 2679 2800 2812 2992 3070 3140 3312 3334 3402 3681 3736 3803 3851 3933 3949 4064 4168 4413 4514 4516 4624 4642 4674 4682 4811 4818 5116 5211 5283 5359 5382 5431 5518 5560 5682 5690 5756 6642 6808 6960 7118 7217 7519 7607 7641 7791 7841 8075 8091 8180 8203 8442 8701 9089 9143 9164 9179 9300 9403 9419 9426 9595 9785 9834 9837
8 14 566 721 728 936 976 981 1003 1065 1123 1249 1260 1373 1462 1516 1621 1657 1673 1698 1782 1829 1864 2148 2149 2163 2168 2261 2333 2417 2468 2534 2669 2815 2827 3009 3029 3083 3176 3203 3222 3297 3429 3450 3647 3728 3837 3900 3924 4259 4586 4824 4936 4970 5226 5268 5356 5522 5525 5616 5619 5630 5857 5976 6125 6178 6505 6542 6666 6685 6734 6847 6887 7173 7281 7452 7673 7843 7864 7953 7980 8176 8204 8286 8463 8624 8646 8686 8744 8967 9040 9173 9262 9553 9909 9924 9972
9 60 147 216 265 420 447 549 631 788 843 1001 1136 1262 1309 1460 1475 1621 1650 1777 1829 1876 1902 1930 1931 2012 2088 2226 2262 2341 2395 2409 2425 2437 2454 2596 2598 2878 2907 3157 3269 3475 3673 3686 3763 3953 3984 4001 4018 4030 4087 4097 4147 4311 4486 4770 4832 4929 5034 5042 5051 5068 5125 5127 5225 5237 5293 5523 5560 5561 5669 6167 6210 6231 6430 6610 6736 6815 6984 7114 7131 7492 7655 7694 7721 7861 8024 8250 8304 8390 8438 8604 8736 8743 8806 8896 8924 8983 9274 9462 9551 9616 9793 9822 9876 9930 9987
10 2 80 83 114 150 188 247 269 283 293 317 326 354 487 520 547 569 920 940 971 1036 1222 1298 1349 1367 1468 1603 1830 1869 1922 2029 2125 2135 2289 2461 2586 2613 2743 2758 2809 2966 3127 3496 3574 3599 3705 3814 3872 4173 4247 4599 4678 5177 5376 5499 5504 5546 5587 5594 5639 5723 5738 5741 5878 5922 5971 6047 6146 6276 6301 6386 6592 6620 6655 6704 6972 7172 7216 7536 7539 7562 7595 7738 7960 8118 8249 8431 8551 8559 8657 8788 8842 8899 8959 9040 9050 9069 9137 9181 9449 9541 9633 9683 9795 9864 9999
11 66 178 185 238 328 350 568 581 818 835 966 999 1033 1328 1497 1594 1914 2047 2095 2107 2109 2236 2279 2318 2424 2524 2553 2866 2894 2985 3155 3375 3378 3381 3382 3417 3430 3608 3783 3830 3893 3958 4019 4051 4218 4409 4923 4928 5006 5057 5091 5098 5260 5463 5502 5538 5620 5623 5789 5809 5926 6129 6295 6315 6627 6680 6770 6938 6988 7099 7200 7422 7559 7571 8143 8177 8298 8542 8606 8856 8944 9017 9078 9333 9341 9399 9437 9548 9679 9708 9722 9731 9757 9778
12 67 95 173 197 273 320 622 995 1039 1160 1409 1483 1582 1645 1807 1863 2025 2035 2082 2152 2172 2196 2224 2363 2403 2630 2686 2695 2722 2988 3058 3081 3483 3723 3732 3882 4287 4297 4302 4395 4410 4721 4748 4835 5141 5159 5318 5374 5447 5568 5570 5767 5845 5869 5977 6021 6103 6135 6181 6227 6380 6422 6428 6473 6556 6597 6850 6993 6996 7005 7153 7257 7263 7318 7423 7427 7429 7500 7547 7645 7699 7701 7733 7804 7869 8064 8178 8331 8339 8359 8432 8650 8771 8779 8799 9026 9036 9073 9079 9149 9188 9477 9824 9852
13 411 425 460 461 553 658 764 853 860 893 1268 1269 1323 1325 1377 1432 1534 1583 1794 1958 2024 2078 2080 2116 2199 2330 2372 2394 2489 2629 2810 2863 3016 3038 3178 3222 3514 3520 3628 3656 3836 3986 4153 4371 4445 4451 4526 4731 4743 4773 4887 4971 5233 5284 5381 5467 5478 5575 5774 6132 6214 6268 6370 6411 6589 6665 6738 6981 7091 7137 7156 7242 7306 7333 7787 8312 8447 8453 8464 8479 8491 8688 8694 8704 8833 9001 9146 9194 9310 9395 9406 9607 9750
14 56 201 308 367 400 504 551 618 638 697 712 739 754 768 1129 1190 1211 1232 1250 1406 1441 1680 1701 1748 1806 1945 1984 1993 1994 2061 2147 2219 2285 2313 2447 2513 2591 2628 2705 2750 2959 3060 3061 3089 3228 3285 3548 3627 3630 3646 3759 3918 3968 4006 4160 4164 4307 4351 4412 4417 4497 4560 4647 4930 4975 5239 5382 5733 5744 5756 5762 5793 5870 6266 6300 6424 6505 6648 6751 6913 6915 6916 7195 7276 7357 7628 7739 7760 7813 7905 7931 7949 8080 8101 8259 8543 8897 9253 9282 9290 9416 9498 9581 9625 9916
15 145 304 309 318 604 648 676 721 733 776 1019 1046 1062 1091 1141 1164 1202 1233 1237 1348 1353 1372 1393 1512 1628 1730 1836 2063 2087 2197 2312 2675 2858 2868 2949 3004 3005 3255 3334 3561 3677 4077 4080 4188 4390 4764 4891 4931 4949 5144 5161 5267 5459 5529 5573 5590 5780 5830 5883 5924 5943 5975 6069 6248 6297 6466 6531 6544 6613 6883 6884 6940 6952 7120 7399 7468 7511 7673 7736 7874 7896 7909 7923 7981 8100 8212 8865 9056 9060 9485 9584 9792 9901 9941
16 89 251 470 498 501 640 703 751 810 869 985 1021 1119 1212 1218 1315 1563 1620 1755 1833 1964 1987 2031 2100 2211 2254 2393 2522 2714 2755 2967 2973 3087 3133 3172 3274 3421 3459 3534 3590 3612 3701 3829 3865 3883 3937 3938 4047 4072 4151 4179 4200 4298 4376 4384 4439 4500 4646 4679 4683 4737 5065 5211 5243 5274 5353 5398 5428 5525 5600 5812 6028 6364 6376 6381 6582 6663 6769 6959 7245 7617 7650 7714 7858 7939 7944 7957 7980 8095 8314 8474 8585 8663 8668 8860 8901 8943 9055 9063 9270 9505 9749
17 233 279 352 374 404 615 626 784 881 883 938 1245 1255 1300 1396 1904 2010 2027 2044 2160 2175 2179 2296 2297 2433 2557 2561 2578 2696 2785 2900 2932 2939 3002 3221 3238 3264 3363 3493 3527 3611 3682 3777 4058 4158 4226 4570 4691 4705 4774 4890 4899 4991 4996 5197 5300 5303 5337 5384 5438 5497 5530 6061 6113 6120 6162 6378 6407 6773 6809 6905 6919 7106 7191 7459 7549 7568 7593 7664 7695 7816 7904 7937 7958 8081 8269 8351 8430 8550 8637 8671 8689 8691 8746 8778 8809 8810 8883 9075 9242 9383 9387 9494 9543
18 165 227 339 345 416 628 793 808 1010 1037 1080 1109 1158 1246 1494 1694 1745 1787 1906 1965 2020 2131 2242 2317 2478 2496 2873 2946 2963 3189 3203 3542 3577 3627 3669 3758 3832 3955 4000 4324 4344 4381 4465 4545 4673 4799 4913 4985 5110 5182 5192 5210 5270 5326 5495 5497 5576 5627 5781 5790 6152 6241 6375 6493 6624 6630 6695 6740 6811 6924 7013 7130 7215 7304 7336 7397 7515 7536 7543 7546 7616 7790 7839 7959 8041 8207 8600 8819 8836 8913 8952 9093 9158 9264 9401 9429 9571 9614 9652 9657 9734 9891 9935 9962
19 16 93 176 357 508 521 538 718 745 837 965 967 1150 1336 1344 1491 1630 1667 1682 1779 1810 1836 1910 2003 2051 2052 2223 2250 2350 2698 2907 2936 3254 3388 3646 3719 3775 3818 3847 3895 3993 4043 4256 4283 4308 4482 4566 4626 4705 4745 4756 4853 4901 4992 5082 5294 5441 5475 5501 5530 5596 5670 5852 5904 6042 6208 6445 6456 6484 6500 6564 6628 6664 6768 6800 7015 7127 7151 7178 7319 7447 7534 7594 7637 7640 7698 7740 7781 7905 7970 8146 8211 8457 8572 8599 8663 8711 8714 8742 8766 8826 8992 9244 9326 9368 9645 9726
20 38 55 156 235 478 623 732 879 908 1013 1120 1227 1253 1326 1349 1449 1489 1542 1858 2093 2301 2365 2640 2754 2785 2893 2898 2943 2985 3085 3131 3190 3214 3243 3414 3475 3725 3732 4099 4556 4816 4821 4883 4938 4945 4976 5012 5037 5200 5207 5297 5310 5594 5640 5653 5656 5715 5765 5792 5944 6235 6351 6378 6517 6557 6775 6843 7113 7133 7272 7359 7419 7465 7575 7582 7620 7779 7887 8090 8139 8187 8279 8455 8716 8727 8905 8948 9250 9395 9514 9741 9746 9802 9806
21 32 273 371 428 712 730 731 1208 1257 1306 1416 1432 1470 1735 1770 2031 2246 2382 3417 3446 3531 3546 3634 3821 3870 4088 4165 4189 4217 4326 4580 4604 4671 4730 4787 4829 4943 4979 5053 5106 5159 5240 5373 5488 5528 5558 5561 5571 5665 5832 5972 5979 6024 6374 6436 6528 6559 6625 6692 6701 6738 6867 7140 7192 7370 7390 7393 7478 7529 7551 7767 8006 8011 8097 8190 8290 8374 8377 8645 8697 8752 8757 8790 8882 8921 8997 9011 9027 9167 9299 9330 9420 9524 9918
22 89 190 311 544 617 619 744 867 900 914 1215 1252 1540 1579 1599 1710 1738 1752 2089 2139 2222 2312 2347 2477 2672 2792 2857 3070 3150 3171 3192 3309 3365 3407 3448 3568 3687 3753 3809 3977 4059 4241 4244 4261 4290 4368 4568 4719 4838 5026 5035 5121 5181 5401 5432 5473 5477 5517 6016 6137 6240 6300 6323 6705 6784 7016 7320 7400 7576 7755 7832 7868 8266 8324 8537 8597 8640 8662 8679 8820 8953 8993 9063 9128 9209 9241 9247 9269 9414 9424 9752 9815
23 491 536 607 642 686 694 756 888 1033 1084 1139 1164 1174 1186 1191 1220 1244 1287 1312 1316 1340 1356 1415 1441 1481 1668 1821 1872 1901 1954 2015 2079 2324 2533 2628 2706 2877 2901 3006 3164 3169 3209 3261 3285 3647 3729 4051 4176 4303 4332 4389 4419 4620 4625 4640 4673 4860 5130 5464 5526 5638 5671 5987 6019 6642 6678 6840 6892 6960 7052 7079 7373 7413 7520 7532 7613 7732 7774 7845 7956 8050 8061 8145 8381 8590 8723 8729 8769 8813 9129 9182 9216 9254 9298 9468 9765 9932 9977
24 412 465 556 737 907 958 1064 1322 1392 1531 1566 1791 1828 2171 2218 2326 2378 2385 2412 2481 2499 2613 2812 2864 2923 3426 3460 3462 3700 3767 3800 3835 3931 3940 3969 4075 4197 4246 4294 4346 4594 4736 4795 4889 5086 5105 5116 5235 5445 5534 5802 6026 6088 6344 6586 6605 6770 6872 6945 7149 7375 7387 7449 7699 7751 7882 7948 8055 8210 8293 8480 8493 8586 8615 8671 8688 8707 8788 8823 8849 8941 9006 9097 9229 9281 9400 9427 9455 9543 9668 9760 9788 9838 9948
25 35 106 278 725 761 775 892 992 1011 1085 1135 1408 1609 1683 1772 1806 1907 1950 2161 2239 2245 2315 2374 2401 2475 2482 2486 2525 2719 2876 2926 2987 3039 3074 3107 3238 3304 3345 3451 3506 3742 3926 4149 4177 4230 4433 4524 4576 4584 4654 4698 4712 4714 4966 5062 5069 5227 5236 5272 5370 5491 5507 5586 5691 5803 5876 5894 5943 5948 6047 6162 6165 6402 6646 6686 6693 6829 6901 6988 7088 7556 7568 7574 7660 7865 7901 7990 8250 8379 8405 8564 8783 8855 8943 9175 9255 9263 9367 9467 9491 9588 9687 9712 9776 9877
26 60 91 267 329 365 408 482 529 553 563 649 727 827 1031 1321 1375 1426 1541 1587 1643 1658 1669 1711 1725 1815 1983 2106 2231 2353 2355 2386 2392 2575 3286 3395 3511 3674 3759 3853 3906 4085 4296 4546 4615 4669 4699 4759 4925 5021 5183 5245 5249 5437 5451 5531 5552 5590 5614 5642 5659 5757 5805 5825 5835 6120 6215 6301 6319 6372 6501 6521 6529 6711 6769 6774 6900 6924 6940 7095 7114 7155 7249 7376 7427 7595 7712 7900 8605 8894 8989 9135 9152 9360 9459 9613 9658 9727 9850
27 126 260 296 454 504 629 652 659 786 985 987 1023 1144 1182 1292 1371 1431 1676 1786 1794 1856 1889 2123 2167 2330 2343 2384 2441 2452 2473 2665 2743 2837 2999 3008 3116 3287 3434 3507 3598 3683 4042 4325 4340 4411 4530 4579 4632 4737 4840 4862 4928 5027 5187 5270 5335 5674 5675 5683 5923 6033 6037 6095 6115 6144 6383 6394 6423 6470 6610 6616 6670 6723 7047 7163 7189 7204 7223 7468 7579 7864 7900 7932 7954 8001 8166 8180 8199 8252 8434 8589 8845 9138 9142 9179 9196 9225 9286 9655 9761 9767 9811 9865
28 140 259 353 358 471 527 565 835 877 935 979 1079 1096 1177 1297 1507 1534 1624 1840 1847 2146 2176 2400 2411 2516 2714 2831 2984 3002 3015 3195 3211 3215 3294 3306 3400 3419 3511 3951 3976 4052 4075 4241 4273 4365 4403 4457 4602 4936 4973 5047 5095 5128 5138 5165 5370 5424 5579 5666 5840 6049 6063 6124 6191 6257 6548 6597 6711 6945 7061 7168 7236 7247 7451 7501 7560 7565 7583 7592 7776 7811 7892 7997 8111 8147 8404 8583 8605 8664 8766 8884 9046 9195 9239 9339 9607 9689 9874
29 99 316 350 399 462 493 526 612 620 655 673 777 952 972 997 1088 1153 1175 1308 1551 1710 1729 1880 2059 2459 2474 2527 2638 2924 2956 3086 3134 3146 3161 3237 3267 3456 3592 3691 3745 3836 3970 4053 4063 4127 4175 4237 4350 4405 4506 4600 4857 4908 4978 5069 5197 5294 5300 5539 5561 5620 6044 6184 6258 6266 6386 6416 6422 6465 6539 6764 6924 6965 7026 7101 7208 7299 7307 7429 7471 7506 7515 7637 7747 7765 7804 7905 8196 8359 8362 8431 8439 8560 8572 8899 8915 8927 8934 9068 9305 9339 9397 9426 9617 9759
30 266 300 337 391 570 646 653 1057 1058 1060 1066 1537 1640 1682 1851 2085 2436 2524 2737 2826 2829 2832 3126 3219 3242 3282 3339 3438 3448 3584 3615 3634 3648 3676 3696 3737 3909 4004 4061 4290 4421 4437 4447 4684 4694 4931 4944 5086 5096 5108 5121 5175 5235 5306 5342 5351 5662 5820 5945 5990 6012 6053 6065 6122 6148 6153 6299 6450 6557 6567 6677 7056 7114 7175 7192 7315 7607 7623 7649 8024 8195 8410 8461 8522 8672 8743 9010 9145 9191 9208 9225 9498 9516 9527 9583 9637 9665 9740 9784 9868
31 91 415 518 563 727 770 781 785 790 881 921 1002 1015 1126 1173 1238 1241 1312 1491 1591 1636 2017 2091 2093 2225 2254 2583 2681 2685 2773 2776 2807 2910 3037 3217 3247 3308 3385 3683 3881 3954 4146 4231 4372 4389 4585 4687 4759 4909 5049 5090 5132 5221 5326 5378 5503 6111 6224 6235 6343 6418 6513 6514 6661 6689 6819 6864 7120 7593 7627 7836 7889 7939 7979 7998 8093 8361 8499 8551 8608 8655 8730 8731 8750 8773 8854 8956 9023 9086 9179 9213 9374 9480 9493 9496 9627 9679 9824 9918
32 77 132 145 163 255 323 372 382 389 571 579 679 748 811 842 920 1120 1162 1321 1494 1595 1598 1788 1921 1965 2022 2262 2279 2396 2397 2494 2573 2578 2669 2677 2833 2883 3009 3178 3185 3202 3239 3253 3297 3531 3539 3563 3599 3627 3996 4003 4111 4119 4303 4408 4586 4827 4939 5489 5534 5545 5554 5712 5821 5962 6025 6180 6279 6338 6410 6426 6491 6770 6861 7108 7244 7300 7398 7428 7617 7654 8113 8118 8120 8357 8763 8938 9311 9437 9448 9612 9669 9717 9771 9966
33 152 179 199 408 411 537 645 672 696 999 1035 1064 1075 1114 1257 1414 1761 1828 1850 1920 2286 2424 2526 2564 2632 2657 2742 2986 3079 3094 3577 3602 3714 3774 3855 3934 3957 4041 4050 4084 4151 4153 4322 4490 4559 4610 4621 4781 4796 5024 5125 5144 5212 5257 5461 5683 5721 5970 6052 6086 6320 6425 6534 6668 6695 6743 6843 7096 7216 7274 7613 7618 7677 7744 7773 7820 7963 8022 8132 8174 8350 8372 8383 8415 8428 8777 9016 9025 9096 9130 9246 9284 9361 9560 9666 9710 9746 9857 9900
34 116 150 194 244 486 685 733 744 758 771 991 1071 1109 1420 1541 1553 1663 1848 1895 1928 1936 2019 2028 2032 2215 2476 2809 2892 3156 3231 3506 3530 3593 3661 3684 3734 3739 3793 3833 3847 3913 4259 4516 4530 4606 4788 5066 5155 5168 5205 5206 5234 5538 5631 5702 5875 5914 5942 6050 6337 6685 6697 6774 6826 7048 7053 7109 7228 7327 7378 7476 7645 7660 7670 7688 7703 7774 7912 8083 8330 8599 8668 8792 8805 8940 9020 9121 9256 9438 9442 9487 9534 9556 9735 9781 9796 9843 9894 9938 9958 9987
35 19 248 354 385 720 871 1210 1352 1503 1528 1692 1774 1809 1882 1961 1970 2227 2234 2314 2343 2399 2470 2629 2672 2810 2841 2845 2915 2938 3290 3301 3370 3459 3491 3589 3656 3715 3729 3782 3854 3863 3864 3911 4274 4336 4593 4871 4968 5146 5311 5442 5463 5584 5796 5819 5825 6098 6267 6369 6537 6749 6867 6872 6925 6935 7115 7158 7267 7372 7410 7473 7676 7732 7850 7869 8177 8356 8604 8691 8726 9034 9247 9364 9402 9611
36 36 185 195 433 575 820 830 941 949 1092 1116 1125 1177 1233 1329 1550 1892 2163 2241 2246 2288 2296 2417 2611 2756 2854 2879 3012 3066 3204 3546 3812 3923 4100 4108 4124 4226 4335 4344 4356 4507 4681 4884 5065 5252 5364 5391 5399 5403 5515 5593 5694 5700 5850 5864 5884 5927 5993 6034 6163 6189 6195 6417 6602 6811 6954 6979 7040 7173 7282 7365 7549 7675 7740 7778 7835 7950 8039 8052 8260 8393 8483 8588 8612 8676 8832 9035 9036 9041 9044 9080 9126 9262 9269 9336 9731 9748 9772 9876
37 134 200 245 260 268 373 474 559 706 708 804 823 833 879 924 1155 1262 1337 1677 1841 1900 1925 2079 2153 2546 2552 2599 2643 2814 2865 2869 2936 3006 3070 3129 3221 3244 3293 3526 3548 3624 3679 3680 3755 3929 4098 4148 4198 4246 4385 4394 4461 4567 4653 5009 5034 5054 5151 5194 5374 5604 5665 5792 5828 5843 6007 6473 6495 6501 6853 7002 7030 7332 7353 7382 7412 7430 7434 7517 7564 7611 7612 7953 8005 8084 8085 8145 8238 8242 8325 8402 8692 8719 8784 8871 9156 9162 9170 9202 9293 9428 9439 9511 9587 9763 9787 9895
38 107 487 518 638 760 857 859 916 984 1557 1965 2111 2116 2151 2159 2163 2261 2310 2422 2492 2653 2830 3083 3122 3326 3335 3358 3450 3831 3914 3918 3930 3973 4045 4155 4326 4352 4413 4578 4626 4860 5079 5131 5133 5171 5356 5406 5463 5468 5517 5538 5587 5606 5611 5629 5650 5671 5750 5872 6048 6121 6133 6310 6550 6565 6737 6745 6891 6971 7117 7186 7226 7244 7334 7446 7489 7527 7831 8079 8169 8320 8355 8410 8531 8761 8801 8951 8963 9012 9054 9133 9305 9426 9474 9730 9779 9781 9789 9858 9860 9890 9964 9999
39 89 193 322 362 397 426 474 701 736 748 832 855 858 1095 1201 1526 1583 1651 1706 1775 2025 2113 2243 2302 2361 2391 2494 2500 2521 2619 2628 2810 2912 3030 3063 3261 3402 3591 3705 3771 3845 3896 4228 4265 4306 4447 4483 4616 4705 4759 4928 5173 5466 5668 5681 5786 5849 5940 5947 6090 6112 6273 6345 6503 6562 6563 6605 6608 6652 6794 6809 6883 7006 7294 7300 7572 7601 7650 7760 7814 7818 7892 8077 8109 8146 8296 8396 8458 8953 8975 9005 9052 9151 9409 9437 9631 9683 9690 9776 9807 9975
40 105 106 305 314 729 750 891 1197 1331 1398 1545 1618 1675 1871 1896 2029 2262 2533 2566 2629 2631 2671 2689 2813 2870 2991 3164 3174 3264 3349 3367 3399 3435 3534 3644 3938 3964 4042 4066 4204 4546 4586 4592 4648 4717 4890 4919 4962 5176 5182 5202 5467 5595 5696 5909 5941 5957 6027 6031 6216 6315 6319 6383 6511 6602 6632 6788 6856 6860 6872 6890 6919 7007 7126 7184 7207 7286 7308 7431 7436 7486 7570 7890 7915 8020 8183 8190 8193 8365 8370 8511 8759 8966 8995 9002 9130 9190 9297 9443 9581 9865 9893
41 41 54 206 298 516 530 681 743 931 952 1214 1366 2068 2116 2172 2340 2448 2490 2716 2809 2917 3066 3191 3260 3446 3589 3643 3824 3866 4090 4195 4219 4256 4383 4386 4400 4665 4670 4763 4798 4832 4852 4856 4997 5366 5767 5805 5925 6032 6150 6301 6356 6362 6405 6424 6449 6467 6499 6626 6646 6736 6869 6882 7000 7086 7515 7529 7594 7607 7687 7704 7725 7729 7743 8016 8228 8308 8431 8521 8645 8889 9204 9310 9352 9591 9609 9669 9703 9953
42 24 32 91 315 502 663 686 715 854 894 944 1030 1075 1182 1270 1313 1329 1341 1445 1491 1881 1958 1964 1967 2146 2223 2338 2378 2404 2473 2485 2518 2596 2736 2749 2873 2893 3064 3093 3145 3177 3200 3231 3289 3403 3447 3501 3758 4105 4305 4320 4323 4434 4625 4676 4770 4809 4870 4876 4912 4943 5101 5148 5149 5249 5295 5658 6024 6126 6130 6140 6170 6311 6364 6369 6370 6433 6494 6513 6607 6742 6797 6928 6956 6987 7004 7664 7715 7819 7947 7986 8059 8237 8349 8377 8577 8591 8653 8838 8841 8894 8895 9292 9649 9659 9671 9901
43 63 377 387 475 484 574 586 705 879 895 993 1170 1250 1263 1325 1396 1427 1471 1478 1635 1710 1717 1728 1732 1735 1863 2188 2300 2488 2554 2624 2644 2718 2805 2845 2926 3168 3240 3373 3433 3463 3470 3503 3680 3863 3931 3975 4102 4270 4297 4334 4484 4829 4996 5103 5128 5143 5196 5269 5315 5436 5473 5496 5647 5660 5814 5995 6060 6147 6254 6268 6341 6508 6783 6835 6897 7016 7095 7349 7387 7406 7453 7467 7526 7695 8070 8154 8217 8246 8381 8497 8505 8566 8587 8607 8663 8669 8988 9038 9198 9258 9276 9479 9612 9810 9859 9915
44 142 171 173 224 231 261 369 506 539 591 714 834 837 850 960 968 1066 1171 1261 1296 1308 1409 1476 1839 1852 1963 2178 2208 2440 2456 2505 2511 2975 3129 3375 3382 3425 3508 3526 3593 3640 3917 3977 4068 4196 4215 4431 4561 4575 4799 4897 4918 4966 5213 5327 5413 5476 5498 5615 6074 6108 6138 6348 6519 6609 6943 6992 7272 7357 7484 7525 7566 7651 7655 7735 7789 7830 7831 7973 8116 8311 8324 8445 8557 8569 8742 8829 8855 8864 9036 9069 9643 9668 9800 9926
45 234 278 337 454 515 576 588 759 890 905 1022 1139 1383 1531 1698 1781 1789 2078 2389 2800 2802 2855 3003 3238 3383 3868 3909 3933 3942 3984 4110 4208 4212 4394 4442 4624 4815 5244 5257 5277 5411 5488 5494 5568 5661 5665 5701 5749 6055 6086 6092 6397 6442 6507 6690 6694 6715 6840 6977 7030 7065 7130 7276 7336 7418 7443 7552 7669 7756 7821 8202 8203 8361 8384 8388 8501 8636 8639 8659 8709 8753 8771 8848 8858 8901 9065 9079 9342 9481 9605 9682 9788 9831 9863
46 233 428 609 666 733 933 975 1101 1353 1898 2073 2135 2224 2263 2272 2463 2526 2890 3347 3581 3592 3825 3828 3872 4070 4302 4314 4315 4359 4570 4729 4769 4771 4843 4863 4875 4950 5029 5188 5192 5226 5242 5243 5261 5339 5471 5596 5627 5687 5729 5883 5888 5949 5954 6071 6306 6363 6387 6510 6523 6526 6544 6589 6619 6755 6868 6905 6978 7074 7250 7376 7491 7516 7603 7620 7656 7761 7775 7832 7850 7877 7880 7948 8014 8075 8323 8340 8391 8426 8453 8490 8656 8849 8860 8928 9067 9192 9309 9434 9626 9632 9665 9750 9841 9857 9882 9942 9997
47 53 116 174 327 331 774 948 1079 1097 1174 1235 1347 1387 1475 1520 1546 1594 1606 1753 1783 1905 1938 1976 1999 2022 2095 2320 2411 2414 2436 2465 2472 2513 2545 2648 2667 2745 2783 2806 2905 2954 3023 3230 3255 3971 3987 4112 4382 4673 5023 5081 5190 5258 5287 5291 5341 5350 5530 5545 5561 5921 5978 6109 6149 6493 6651 6895 6909 7005 7019 7204 7752 7769 7816 8038 8277 8337 8433 8461 8471 8476 8609 8635 8681 8697 8732 8809 9063 9104 9220 9307 9326 9364 9490 9491 9521 9576 9641 9678 9692 9898 9918 9939 9949 9957
48 204 289 335 381 392 475 599 608 612 644 835 854 963 997 1056 1221 1321 1651 1689 1690 1730 1802 2015 2097 2116 2122 2299 2355 2386 2746 2794 2977 2987 3003 3027 3095 3130 3213 3281 3386 3404 3630 3662 3712 3730 4001 4054 4268 4465 4565 4619 4658 4693 4694 4727 4781 4816 4825 4843 5183 5204 5338 5443 5450 5494 5670 5689 5725 5885 5905 5966 5976 6007 6160 6197 6347 6519 6946 7058 7078 7134 7194 7416 7458 7490 7502 7536 7666 7695 7718 7737 7787 7841 8266 8293 8353 8412 8495 8626 8876 9106 9235 9325 9359 9397 9655 9694
49 20 73 213 298 334 351 359 472 480 520 558 577 580 616 636 881 1046 1189 1350 1510 1643 1649 1653 1670 1782 1866 1867 1953 2033 2463 2789 2805 2847 2916 3225 3247 3276 3441 3480 3794 3838 3890 4007 4196 4346 4424 4532 4652 4724 4949 5031 5096 5200 5381 5560 5621 5816 5973 6093 6125 6366 6470 6471 6590 6730 6737 6767 6779 6799 6820 6884 6908 6951 6968 7084 7146 7221 7480 7533 7640 7665 7681 7811 8017 8053 8062 8082 8170 8426 8520 8577 8659 8690 8751 8762 8770 8819 8837 8907 9075 9122 9226 9249 9272 9547 9571 9599 9667 9675 9715 9931 9956
50 17 30 104 182 635 695 749 777 943 955 1014 1138 1245 1313 1450 1565 1941 1998 2279 2419 2423 2525 2664 2748 2774 2823 2918 3041 3304 3363 3505 3738 3972 3997 4153 4169 4187 4581 4741 4850 5058 5087 5114 5127 5274 5301 5312 5691 5708 5712 5844 6075 6106 6150 6183 6190 6252 6319 6403 6421 6462 6485 6545 6677 6933 6971 7215 7272 7521 7653 7670 7720 7752 7799 7821 7957 8083 8088 8153 8173 8228 8367 8392 8477 8511 8711 8714 9051 9097 9269 9462 9840 9851 9930 9943 9962
51 263 373 406 628 871 897 924 950 1042 1158 1166 1203 1543 1762 1775 1778 1825 1868 2026 2037 2055 2109 2163 2313 2367 2489 2747 2829 2899 3128 3222 3279 3286 3396 3408 3527 3530 3649 3842 4131 4142 4428 4439 4453 4524 4712 4983 5051 5062 5150 5162 5277 5294 5542 5584 5702 5840 5926 6074 6198 6232 6356 6425 6478 6523 6526 6635 6690 6807 6826 7165 7186 7216 7325 7618 7935 7982 7998 8059 8069 8152 8335 8336 8365 8618 8718 9081 9111 9264 9286 9311 9369 9446 9453 9476 9583 9595 9733
52 27 69 70 125 137 200 252 315 544 682 727 786 863 1006 1016 1051 1058 1204 1279 1537 1878 1910 1944 1989 2032 2072 2235 2316 2534 2562 2572 2582 2795 2938 2959 3015 3083 3202 3239 3370 3438 3503 3529 3733 3798 3883 3891 3918 4200 4209 4266 4367 4829 4855 5020 5053 5192 5285 5327 5342 5537 5540 5568 5610 5618 5738 5783 5797 6001 6009 6025 6124 6365 6424 6434 6732 6764 6791 6813 7052 7192 7320 7326 7443 7597 7626 7631 7813 8004 8023 8320 8385 8470 8481 8507 8566 8825 8882 8979 9398 9434 9435 9588 9832 9838 9929 9994
53 53 181 256 399 429 485 762 776 798 825 838 937 944 1111 1271 1415 1419 1549 1609 1814 1890 1911 1914 2049 2075 2092 2205 2214 2343 2387 2414 2443 2474 2493 2533 2610 2667 2693 2878 2960 3025 3284 3303 3309 3478 3549 3651 3792 3924 3936 4045 4129 4143 4240 4250 4366 4390 4407 4548 4702 4707 4773 4945 5379 5465 5495 5504 5961 5991 6036 6140 6185 6373 6446 6500 6579 6720 6734 6954 7143 7247 7974 8014 8183 8236 8628 8708 8735 8912 8955 9027 9119 9177 9247 9303 9474 9570 9593 9596 9795 9871 9904 9957 9999
54 355 497 611 614 1029 1303 1411 1597 1768 1861 1917 2128 2323 2341 2588 2733 2842 2860 2895 2929 2962 3082 3143 3150 3267 3292 3342 3442 3465 3526 3571 3636 3667 3689 3700 3784 3938 3968 3987 4246 4443 4473 4500 4657 4688 4739 5253 5254 5503 5508 5586 5637 5660 5716 5807 5897 5988 6072 6115 6118 6156 6177 6238 6241 6327 6451 6618 6653 6781 6886 6919 7202 7212 7253 7269 7503 8156 8162 8165 8358 8563 8607 8712 8728 8753 8790 9121 9263 9277 9502 9508 9687
55 427 489 824 845 974 1217 1261 1600 1712 1741 1859 2023 2091 2104 2152 2269 2282 2486 2559 2574 2681 2935 3238 3316 3431 3547 3582 3775 3820 3847 3944 3978 4115 4492 4504 4566 4567 4576 4775 4790 4842 4936 5131 5221 5422 5490 5619 5744 5756 6052 6163 6175 6275 6318 6416 6428 6484 6623 6704 6707 6752 6762 6821 7250 7280 7400 7404 7450 7565 7583 7657 7708 7784 7865 7870 7880 7968 8064 8206 8235 8248 8430 8500 8530 8541 8853 8906 8958 9053 9191 9210 9246 9275 9360 9461 9718 9778 9787 9964
56 302 462 482 559 671 674 691 780 826 831 985 993 1009 1284 1329 1427 1481 1507 1773 1788 1876 1974 2044 2071 2073 2077 2174 2380 2531 2550 2798 2900 2930 3439 3496 3665 3697 3869 3871 3894 3903 4017 4077 4121 4126 4198 4223 4456 4461 4577 4625 4678 4734 4749 4772 4919 5103 5113 5187 5199 5235 5250 5267 5303 5831 6157 6288 6402 6419 6665 6881 6962 7340 7427 7496 7863 7930 8061 8101 8215 8253 8386 8551 8588 8698 8812 8833 9166 9196 9205 9381 9385 9472 9641 9646 9654 9693 9818 9835 9955 9983
57 24 37 56 190 373 385 412 662 847 941 1186 1300 1377 1739 1896 2022 2083 2136 2318 2338 2397 2442 2467 2669 2682 2869 2974 2983 3025 3177 3297 3339 3657 3799 3878 4080 4221 4285 4379 4421 4609 4764 4866 4927 5055 5057 5164 5173 5305 5327 5632 5668 5883 5920 5925 5958 6128 6268 6273 6361 6371 6409 6495 6584 6832 6978 7075 7089 7096 7172 7220 7268 7283 7315 7535 7638 7643 7725 7746 7803 8006 8085 8174 8179 8348 8408 8437 8493 8675 8772 8929 8932 9145 9212 9216 9271 9417 9543 9639 9665
58 134 135 218 468 476 509 550 805 837 869 877 1123 1133 1316 1363 1465 1563 1665 1791 1863 1900 1968 2221 2590 2722 2827 3044 3130 3306 3309 3365 3463 3530 3593 3688 3815 3920 3966 3967 4139 4191 4285 4319 4348 4542 4633 4783 4796 4855 4922 4959 5238 5379 5481 5730 5752 5762 5776 5819 5943 5996 6063 6092 6171 6194 6282 6328 6345 6391 6426 6461 6624 6898 6906 6967 7101 7317 7497 7537 7619 7629 7633 7709 7824 7836 7902 7915 7959 8234 8249 8425 8474 8629 8707 8751 9000 9041 9079 9526 9633 9993
59 211 274 390 426 465 613 640 718 771 786 802 900 970 1215 1272 1374 1396 1418 1436 1598 1625 1657 1704 1716 1817 1880 1887 1932 2125 2205 2246 2267 2329 2633 3031 3140 3177 3190 3217 3257 3356 3381 3423 3569 3680 4005 4039 4238 4295 4412 4521 4614 4871 4879 4910 4948 4954 5026 5171 5179 5182 5207 5385 5545 5564 5597 5780 5797 5820 5869 5877 5907 6010 6081 6240 6266 6271 6474 6746 6930 6944 7016 7051 7080 7350 7466 7473 7651 7726 7793 7841 7953 8079 8126 8352 8560 8627 8660 8671 8689 9189 9253 9311 9317 9334 9454 9628 9722 9830
60 53 101 300 405 547 691 755 840 1004 1224 1280 1519 1609 1640 1971 2258 2506 2723 2823 2909 2996 3015 3128 3252 3280 3310 3327 3455 3676 3883 4085 4136 4160 4393 4417 4454 4565 4640 4721 4756 4760 4784 4811 5125 5231 5235 5242 5272 5346 5497 5535 5538 5544 5693 5800 6252 6424 6460 6668 6692 6732 6852 6903 6949 7057 7309 7635 7800 7829 7901 7931 8205 8268 8399 8548 8653 8727 9164 9187 9243 9299 9641 9668 9792 9886 9990
61 150 471 503 722 773 951 1020 1304 1307 1361 1365 1486 1505 1713 1811 1980 2006 2225 2249 2365 2520 2528 2577 2603 2673 2681 2784 2851 2857 2875 3007 3033 3063 3094 3403 3452 3478 3534 3599 3609 3693 3767 3840 3970 3999 4012 4091 4144 4180 4189 4200 4272 4388 4631 4810 4844 4961 4981 5089 5133 5319 5445 5454 5466 5543 5613 5657 5705 5708 5890 6013 6225 6360 6427 6437 6496 6576 6638 6656 6840 6871 6971 6999 7142 7248 7297 7376 7403 7467 8075 8082 8492 8834 8850 9017 9036 9425 9428 9556 9829 9846
62 17 31 112 145 257 273 337 360 364 400 586 621 629 667 757 787 791 813 887 973 1038 1058 1061 1065 1097 1140 1569 1613 1709 1785 2047 2272 2294 2439 2530 2837 2878 2939 2965 2991 3210 3360 3382 3386 3445 3451 3670 3829 3833 4848 5119 5188 5407 5419 5460 5526 5614 5616 5859 5952 6075 6130 6162 6327 6389 6497 6507 6699 6717 6932 6965 6969 7121 7127 7171 7256 7290 7335 7362 7478 7518 7584 7641 7897 8100 8346 8436 8480 8738 8832 8845 9028 9039 9085 9367 9479 9607 9623 9704 9762 9774 9959 9988
63 186 258 310 437 597 735 874 1146 1253 1391 1448 1480 1503 1516 1618 1898 2014 2018 2052 2134 2135 2380 2404 2565 2608 2658 3089 3123 3186 3267 3371 3469 3480 3629 3643 3735 3850 3949 3969 4079 4315 4600 4686 4889 5037 5088 5094 5100 5102 5139 5230 5247 5281 5529 5623 5662 5677 6137 6185 6508 6734 6778 6804 6815 6836 6846 7093 7277 7329 7371 7654 7767 7916 8015 8101 8128 8201 8237 8501 8506 8673 8787 8817 8859 8867 8879 8928 9011 9427 9552 9978
64 13 219 404 455 480 617 686 769 967 1013 1117 1147 1259 1324 1340 1452 1506 1525 1672 1855 2129 2140 2187 2208 2266 2455 2545 2615 2740 2779 2845 2874 2893 3045 3054 3292 3465 3486 3863 4105 4149 4210 4230 4362 4389 4459 4630 4632 4690 4739 4989 5061 5299 5400 5680 5906 6197 6236 6376 6510 6669 6675 6747 6954 6994 7105 7123 7173 7239 7262 7330 7405 7615 7750 7852 7910 7930 7990 8026 8324 8485 8600 8711 8752 8856 9080 9176 9219 9325 9499 9512 9559 9600 9818
65 92 104 214 281 301 456 560 600 763 784 792 1000 1247 1271 1315 1422 1426 1464 1591 1798 1802 1815 1829 1844 2096 2172 2299 2348 2472 2813 2896 2921 3066 3077 3278 3417 3422 3468 3578 3780 3794 3811 3879 3930 4000 4232 4242 4509 4511 4598 4602 4651 4692 4782 4852 4853 4885 4952 5200 5285 5370 5429 5434 5478 5607 6004 6154 6161 6182 6463 6482 6525 6696 6976 7116 7177 7299 7435 7744 7785 7875 7904 7954 8031 8178 8296 8462 8636 8747 8955 9095 9097 9380 9524 9655 9867
66 61 126 176 284 288 290 397 638 1022 1029 1050 1084 1200 1635 1658 1669 1728 1849 2026 2039 2265 2282 2457 2470 2543 2627 2808 2958 3083 3126 3216 3363 3442 4124 4628 4675 4836 4860 4865 4870 4967 4973 4988 5222 5352 5383 5387 5534 5644 5709 5728 5751 5838 5916 5922 5958 6008 6097 6118 6191 6231 6280 6545 6945 7155 7370 7372 7484 7706 7776 7782 8017 8027 8423 8527 8528 8537 8596 8809 9141 9149 9459 9473 9570 9670 9785 9824 9887 9943
67 59 100 141 225 226 428 683 690 831 857 979 992 1138 1177 1256 1384 1420 1463 1733 1871 2084 2090 2176 2199 2214 2298 2342 2358 2376 2492 2525 2678 2684 2824 2912 2922 2961 2993 3527 3885 3893 4257 4465 4547 4886 4895 4907 5024 5286 5403 5467 5638 5639 5701 5835 5848 5902 6041 6046 6086 6126 6293 6301 6428 6531 6766 7061 7168 7197 7253 7288 7459 7468 7590 7774 7968 7993 8172 8301 8316 8617 8688 8793 8812 8874 8991 9024 9062 9126 9131 9150 9354 9505 9601 9757 9861
68 91 198 335 463 503 508 715 868 912 1002 1015 1076 1231 1276 1310 1364 1517 1674 1741 1749 1876 2097 2132 2287 2524 2526 2661 2957 2968 3172 3222 3232 3474 3586 3619 3690 3907 4075 4379 4536 4618 4742 4985 5070 5132 5262 5279 5661 5750 5792 5836 6008 6012 6015 6037 6053 6173 6235 6376 6785 6786 6858 6973 7103 7151 7254 7704 7787 7832 7902 7925 7951 8004 8154 8176 8340 8384 8745 8778 8807 8828 9045 9067 9122 9125 9186 9227 9371 9413 9464 9521 9550 9565 9598 9639 9664 9707 9733 9734
69 255 379 438 683 834 899 916 1093 1119 1237 1249 1585 1702 1730 2025 2186 2206 2285 2414 2463 2518 2757 2965 2986 3017 3024 3262 3326 3532 3549 3859 3942 3947 4072 4208 4359 4501 4553 4562 4690 4700 4719 4831 4860 4964 5038 5039 5067 5193 5350 5411 5474 5548 5582 5682 5683 6051 6138 6288 6309 6314 6324 6347 6375 6587 6612 6667 6741 6857 7381 7384 7393 7506 7543 7557 7671 7737 7797 7880 7941 7992 7994 8048 8049 8263 8324 8344 8378 8405 8451 8560 8659 8661 8671 8684 8730 8736 9102 9288 9359 9570 9948 9951
70 36 192 201 264 447 516 666 740 746 750 861 877 981 998 1273 1380 1382 1399 1572 1611 1782 1799 1927 1934 2336 2412 2631 3010 3674 3688 3793 3925 3950 3952 3965 4043 4067 4085 4146 4193 4280 4397 4438 4480 4599 4623 4716 4875 5608 5754 5924 6042 6045 6313 6328 6369 6832 6896 6955 7067 7142 7147 7211 7490 7852 8061 8073 8077 8109 8164 8210 8212 8215 8255 8721 8777 8927 8976 9009 9226 9245 9252 9330 9451 9461 9562 9715 9874 9875 9978
71 30 92 190 308 358 848 1088 1427 1437 1489 1526 1653 1692 1772 1830 2017 2197 2254 2272 2693 2720 2745 2918 3013 3210 3268 3289 3490 3515 3620 3623 3668 3964 4031 4122 4183 4369 4468 4505 4525 4555 4712 4791 4829 4930 4952 5037 5465 5824 5847 5877 5895 6070 6266 6289 6315 6368 6557 6600 6723 6732 6751 6809 6822 7198 7285 7560 7579 7634 7715 8092 8240 8250 8333 8625 8693 8723 8859 8861 8928 8995 9003 9073 9137 9177 9230 9358 9362 9437 9450 9534 9575 9662 9703 9745 9884 9912 9947
72 72 151 211 232 336 461 522 523 646 648 659 819 1021 1115 1116 1291 1332 1475 1525 1699 1997 2036 2106 2109 2174 2178 2193 2460 2686 2837 2963 3041 3106 3144 3168 3223 3259 3261 3323 3335 3473 3499 3598 3875 3883 3955 4007 4039 4087 4112 4113 4126 4321 4453 4607 4610 4650 4732 4870 4942 5327 5388 5405 5767 5790 5800 5803 5831 5920 5937 5939 6035 6069 6091 6204 6305 6523 6589 6710 6715 6849 6872 6927 7036 7138 7174 7324 7547 7699 7761 7838 7864 7946 7953 8037 8059 8504 8556 8601 8613 8714 8776 8827 8849 8917 9033 9193 9209 9354 9469 9568 9931
73 179 180 248 310 501 558 829 1030 1098 1134 1221 1262 1404 1516 1521 1524 1541 1668 1681 1718 1738 1753 2337 2437 2525 2665 3032 3042 3185 3205 3368 3514 3533 3557 3606 3754 3790 3996 4002 4242 4249 4290 4485 4604 4648 4702 4751 4794 4827 4837 4858 4928 4991 5195 5230 5354 5402 5459 5497 5584 5627 5785 5867 5948 6079 6151 6170 6320 6337 6407 6622 6749 6859 7219 7459 7470 7549 7622 7664 7692 7705 7840 8022 8079 8110 8292 8477 8482 8497 8501 8673 8691 8703 8819 8834 9057 9401 9427 9742 9762 9899
74 6 94 166 252 258 287 354 476 478 637 684 911 1005 1006 1135 1462 1624 1663 1706 1739 1765 1975 2297 2399 2403 2477 2534 2610 2629 2637 2724 2779 3045 3173 3213 3358 3374 3544 3561 3631 3778 3795 4022 4156 4172 4254 4373 4414 4431 4672 4767 4785 4852 4921 4949 5208 5362 5519 5520 5559 5815 5843 5876 5888 5912 5922 5965 5988 6016 6024 6109 6149 6287 6353 6399 6435 6655 6690 6848 6946 6966 6977 7009 7085 7143 7181 7225 7458 7485 7575 7749 7957 7974 8161 8227 8245 8339 8394 8452 8600 8667 9041 9064 9236 9760 9769 9845
75 159 262 266 359 557 768 770 1068 1106 1112 1189 1236 1304 1316 1442 1565 1666 1709 1788 1828 1848 1959 1980 2038 2229 2265 2419 2603 2623 2759 2766 2996 3082 3110 3148 3249 3675 3684 3687 3769 3858 3911 4074 4104 4184 4343 4420 4707 4761 4776 4790 4800 4962 4977 5059 5104 5150 5157 5281 5434 5475 5524 5546 5562 5574 5650 5688 5931 5973 5992 6087 6184 6261 6398 6408 6414 6444 6447 6532 6619 6692 6807 6815 6885 7094 7096 7209 7261 7293 7360 7525 7642 7717 7848 8146 8188 8288 8351 8426 8530 8563 8628 8840 8878 8943 9269 9420 9467 9526 9553 9558 9675 9718 9826 9919
76 167 400 485 568 799 869 987 1001 1136 1188 1369 1460 1508 1729 1869 2431 2529 2541 2576 2633 2660 2670 2679 2871 2952 3076 3151 3155 3306 3382 3458 3856 3890 4244 4275 4335 4615 4632 4713 4897 5084 5320 5375 5535 5624 5642 5728 5841 6197 6209 6210 6229 6358 6370 6393 6595 6694 6775 6878 6994 7445 7643 7667 7674 7729 7740 7817 7853 7863 7872 7966 7983 8033 8041 8076 8157 8284 8306 8457 8965 8971 9291 9431 9440 9548 9628 9646 9656 9691 9697 9776 9779 9930 9988
77 21 102 110 307 372 492 558 575 628 736 741 1007 1085 1312 1387 1641 1667 1715 1794 1943 1996 2052 2071 2176 2296 2360 2406 2510 2621 2684 2712 2731 2750 2944 3005 3121 3173 3174 3421 3589 3611 3646 3685 3713 3881 3932 4005 4153 4157 4433 4457 4503 4556 4684 4913 4976 5006 5019 5110 5137 5192 5424 5440 5495 5522 5542 5938 5981 6105 6417 6492 6537 6903 6954 7338 7436 7444 7515 7546 7630 7768 7784 8465 8482 8510 8524 8733 8806 8853 8936 9108 9130 9174 9222 9509 9527 9549 9976
78 85 89 117 177 338 512 819 868 952 1095 1256 1259 1366 1564 1609 1614 1622 1678 1836 1846 2253 2269 2276 2284 2305 2649 2891 2984 3293 3362 3441 3669 3758 3760 3969 4013 4173 4212 4398 4408 4430 4518 4580 4683 4700 4842 4987 5000 5056 5170 5373 5630 5654 5657 5943 5952 6119 6175 6233 6250 6403 6434 6476 6705 6823 6973 7065 7117 7378 7437 7480 7503 7657 7845 7888 7935 8139 8151 8249 8307 8469 8539 8761 8767 8959 8986 8992 9045 9147 9288 9362 9442 9537 9604 9632 9811 9878 9896 9913
79 38 57 398 402 410 530 657 667 794 1010 1049 1118 1216 1297 1320 1349 1403 1581 1738 1758 1802 2047 2081 2110 2134 2175 2196 2294 2302 2647 2849 2957 2965 2992 3108 3160 3276 3305 3422 3474 3557 3559 3655 3724 3730 3763 3890 4185 4334 4375 4425 4476 4532 4618 4632 4786 4850 4921 4980 5869 5881 5934 6134 6330 6343 6733 6968 7031 7040 7048 7130 7286 7328 7343 7373 7377 7390 7599 7655 7734 7805 7890 7972 8035 8058 8195 8388 8464 8487 8714 8849 9184 9401 9597 9652 9737 9759 9799 9810 9859
80 325 350 406 526 630 818 904 925 986 1171 1284 1322 1357 1628 1632 1652 1810 1875 1908 2051 2066 2072 2278 2444 2453 2467 2619 2770 2824 3000 3122 3452 3475 3578 3601 3696 3755 3789 3882 3894 4118 4391 4648 4693 4705 4814 4849 5047 5096 5155 5168 5465 5482 5580 5597 5653 5679 5892 5994 6084 6201 6231 6247 6388 6442 6582 6778 6966 7082 7230 7324 7395 7400 7426 7482 7495 7533 7605 7688 7816 7958 7974 7992 8223 8418 8499 8590 8667 8670 8788 8863 8886 8997 9188 9252 9304 9521 9622 9779 9794 9795
81 6 14 282 324 374 383 752 798 877 935 1106 1109 1215 1664 1732 1772 1998 2041 2312 2567 2650 2700 2832 2839 2860 2985 3003 3202 3301 3366 3403 3412 3471 3707 3759 3802 4079 4252 4289 4291 4324 4338 4397 4454 4537 4573 4644 4699 4722 4766 4797 4812 4935 5006 5266 5309 5441 5609 5638 5687 5770 5800 5860 5900 6033 6070 6117 6146 6383 6424 6690 6780 6796 6887 6932 6934 6977 7207 7322 7363 7402 7563 8090 8176 8371 8390 8411 8433 8511 8612 9099 9119 9175 9222 9247 9381 9388 9679 9797
82 320 379 464 906 1004 1015 1074 1088 1185 1246 1331 1398 1497 1500 1508 1572 1660 1816 1857 1956 1963 1968 1996 2172 2382 2554 2669 3049 3162 3429 3536 3613 3866 4021 4151 4159 4253 4410 4461 4545 4576 4617 4670 4730 4739 4749 4754 4851 4962 5039 5283 5359 5417 5420 5426 5624 5666 5966 6011 6508 6846 6882 7106 7128 7330 7438 7524 7659 7840 8138 8274 8296 8393 8421 8440 8560 8723 8855 9079 9118 9126 9144 9177 9459 9503 9557 9580 9616 9753 9809 9814
83 2 15 146 453 467 475 507 617 627 836 981 1107 1337 1591 1615 1635 1649 1773 1909 1958 2080 2150 2288 2443 2791 2881 2923 3039 3113 3123 3166 3512 3608 3630 3703 3843 3872 3964 3989 4169 4176 4240 4444 4462 4487 4502 4526 4710 4755 4763 4805 4808 4855 4887 4928 5019 5049 5071 5115 5277 5503 5570 5781 5928 6144 6279 6404 6406 6794 6856 6965 7009 7021 7119 7273 7313 7326 7347 7374 7489 7632 7647 7802 7967 8050 8162 8193 8306 8646 8794 8823 8939 8999 9155 9195 9199 9417 9428 9507 9577 9745
84 22 108 125 169 203 295 327 390 712 713 845 954 980 1153 1228 1272 1275 1411 1683 1691 1778 1785 1794 2170 2247 2495 2932 2989 3094 3096 3169 3176 3256 3261 3321 3448 3476 3677 3737 3941 4078 4177 4331 4512 4513 4653 4745 4785 4792 4811 4817 4959 4960 5027 5166 5230 5644 5780 5825 5925 5939 5956 6109 6124 6203 6253 6400 6410 6757 6850 6922 6986 6998 7103 7269 7501 7610 7616 7673 8122 8309 8353 8357 8631 8689 8707 8735 8737 8765 8874 9075 9087 9158 9216 9289 9308 9360 9426 9457 9575 9631 9766 9888 9929 9998
85 58 314 343 425 440 499 581 671 832 838 984 1054 1072 1099 1115 1257 1306 1310 1316 1636 1645 1740 1850 1859 1993 2281 2431 2435 2442 2494 2580 2590 2709 2917 2925 3058 3083 3147 3188 3480 3513 3764 3949 4014 4040 4238 4280 4322 4361 4363 4376 4521 4673 4717 5116 5133 5495 5536 5557 5575 5835 5846 5965 6019 6046 6128 6171 6187 6191 6221 6740 7100 7228 7456 7540 7589 7596 7705 7885 8181 8438 8449 8462 8638 8693 8772 8953 9052 9082 9138 9160 9314 9334 9511 9662 9851 9884 9897
86 26 81 87 241 422 534 637 661 772 852 899 971 1062 1160 1265 1482 1550 1575 1661 1668 1770 1841 1931 2084 2161 2180 2207 2273 2289 2484 2556 2665 2756 2842 2851 3011 3376 4120 4189 4538 4572 4598 4695 4854 4905 4981 5144 5173 5281 5436 5507 5550 5662 5674 5763 5870 5932 5949 6097 6104 6145 6277 6303 6385 6510 6562 6677 6788 6963 7167 7365 7427 7463 7492 7822 8155 8229 8230 8242 8311 8317 8347 8466 8474 8695 8705 9062 9086 9151 9259 9297 9300 9306 9349 9358 9359 9421 9456 9573 9581 9582 9607 9615 9619 9643 9651 9696 9713 9719 9757 9790 9908
87 193 278 348 454 870 972 1021 1025 1248 1285 1371 1404 1406 1416 1419 1457 1540 1600 1791 2001 2127 2630 2744 2898 3073 3108 3169 3175 3392 3561 3766 3784 3827 3950 3965 4093 4174 4265 4272 4344 4362 4390 4401 4498 4713 4820 4853 4923 5128 5160 5242 5404 5441 5501 5592 5599 5744 5751 5808 5836 5840 6044 6100 6135 6237 6504 6652 6715 6724 6825 6893 6931 7135 7211 7462 7474 7583 7662 7712 8273 8399 8477 8506 8544 8577 8676 8747 8758 9151 9210 9271 9357 9464 9477 9548 9615 9647 9753 9759 9806 9834 9853 9895
88 10 40 135 189 307 647 697 775 806 995 1118 1169 1187 1307 1429 1474 1549 1573 1721 1762 1775 1859 1861 1877 1920 2178 2212 2432 2570 2693 2729 2755 2828 3232 3524 3576 3595 3697 3731 3791 3979 4057 4194 4196 4220 4264 4424 4569 4646 4776 4803 4977 4994 5025 5212 5243 5383 5387 5413 5453 5508 5622 5662 5711 5725 5830 5852 5887 6258 6268 6322 6377 6492 6712 6781 6889 6894 6969 7735 7936 8040 8121 8217 8263 8266 8301 8359 8432 8529 8913 9033 9079 9347 9367 9419 9443 9481 9497 9531 9535 9545 9562 9625 9777 9797 9896 9950
89 166 284 318 344 382 428 659 1132 1224 1261 1275 1321 1414 1423 1466 1481 1630 1656 1699 1743 1988 2018 2190 2240 2277 2292 2522 2541 2603 2945 2959 3022 3094 3125 3228 3289 3357 3655 3693 3743 3980 3987 4033 4055 4450 4746 4777 4808 4823 4831 4891 5153 5195 5268 5397 5459 5618 5726 5815 5824 6095 6291 6325 6458 6582 6714 6734 6875 6901 6998 7134 7446 7946 7985 8039 8045 8271 8286 8304 8361 8434 8636 8724 8900 8939 8947 9041 9321 9468 9505 9549 9727 9796
90 36 102 155 184 353 433 435 611 757 843 979 1047 1076 1205 1333 1417 1556 1683 1751 1846 1913 2004 2184 2205 2285 2389 2577 2607 2646 2661 3036 3038 3070 3202 3261 3465 3487 3555 3758 3798 3893 3917 3944 3951 4112 4270 4306 4361 4837 5093 5151 5209 5285 5314 5409 5480 5571 5600 5639 5739 5770 5918 5928 6003 6054 6069 6180 6200 6252 6289 6525 6612 6844 6959 7078 7101 7265 7346 7471 7639 7664 7715 7827 7833 7862 7959 7974 8063 8069 8169 8203 8386 8541 8782 8878 8997 9188 9215 9340 9396 9525 9609 9644 9916
91 18 139 261 266 394 619 696 703 818 967 1043 1176 1579 1632 1642 2082 2122 2144 2172 2369 2408 2467 2758 3020 3026 3153 3155 3548 3815 3998 4031 4193 4280 4325 4375 4603 4604 4801 4846 4856 4858 5159 5252 5287 5360 5412 5495 5736 5997 6271 6425 6429 6493 6563 6636 6900 6946 6974 7378 7439 7562 7582 7600 7717 7863 7924 7983 8078 8094 8253 8320 8352 8365 8379 8436 8607 8742 8777 8936 9144 9154 9362 9381 9489 9504 9510 9588 9608 9627 9717 9815 9838 9945 9978
92 255 306 340 391 527 654 684 956 1151 1239 1281 1445 1542 1546 1547 1766 1803 2092 2106 2109 2140 2161 2225 2618 2906 2982 3113 3158 3163 3249 3297 3388 3700 3811 3925 3996 4106 4205 4234 4357 4420 4593 4636 4662 4691 4798 5016 5166 5298 5317 5329 5468 5513 5586 5848 5947 6020 6096 6158 6312 6515 6669 6761 6788 6801 7094 7238 7260 7290 7332 7561 8009 8095 8110 8134 8181 8183 8520 8736 8780 8787 8879 9071 9112 9400 9690 9698 9745
93 59 62 110 153 330 413 443 598 751 829 919 1078 1181 1388 1456 1497 1524 1568 1570 2263 2340 2397 2563 2571 2599 2717 2741 2764 3007 3148 3176 3256 3399 3477 3500 3586 3672 3703 3747 3871 3883 4023 4127 4128 4324 4379 4416 4516 4781 4862 5142 5206 5221 5398 5484 5557 5623 5644 5702 5715 5734 5872 5901 5962 6049 6177 6302 6412 6524 6667 6759 7363 7456 7532 7567 7585 7680 7745 7769 7846 7972 8127 8149 8310 8410 8435 8531 8585 8712 8739 8792 8824 8937 9052 9088 9115 9131 9187 9194 9493 9557 9730 9878
94 41 51 84 111 163 248 735 737 912 1007 1100 1409 1557 1635 1673 1874 2101 2298 2405 2817 2856 2894 2901 3136 3231 3535 3574 3579 3584 3588 3596 3881 3949 3954 3966 3994 4045 4046 4237 4333 4412 4468 4744 4809 4888 4966 4969 5145 5327 5356 5368 5449 5528 5809 5904 6047 6076 6198 6209 6224 6259 6328 6404 6469 6472 6487 6546 6661 6666 6725 6814 6890 7246 7376 7445 7470 7502 7508 7646 7679 7897 7920 7929 7953 8291 8403 8476 8502 8562 8669 8672 8784 8807 8833 8963 9356 9372 9402 9415 9429 9546 9637 9881
95 30 123 133 187 205 291 334 429 931 958 1045 1075 1130 1216 1223 1232 1552 1596 1851 1921 1957 2078 2087 2156 2373 2406 2449 2532 2574 2651 2722 2845 2969 3037 3080 3218 3518 3720 4078 4092 4162 4190 4350 4485 4524 4658 4689 4780 4838 4911 5061 5067 5083 5097 5124 5246 5295 5478 5581 5619 5737 5775 5811 5834 5937 6021 6320 6433 6674 6686 6773 7032 7155 7214 7339 7377 7504 7545 7758 7774 7791 7928 7961 8093 8296 8302 8331 8343 8344 8346 8420 8425 8654 8709 8721 8982 9141 9257 9462 9483 9515 9623 9716 9861 9873
96 10 106 112 183 188 223 238 244 319 320 469 489 499 501 581 705 720 734 797 1030 1035 1370 1742 1897 2048 2350 2479 2540 3428 3517 3590 3760 3824 3859 3899 3938 4198 4223 4276 4352 4920 4958 4974 5217 5233 5435 5456 5458 5738 5771 6016 6167 6234 6280 6326 6412 6442 6508 6514 6521 6610 6642 6696 6728 6958 7032 7036 7037 7138 7139 7141 7182 7352 7354 7594 7744 7790 7859 7910 8107 8243 8269 8279 8485 8512 8515 8641 8653 8673 8763 8897 8901 8964 9436 9449 9459 9597 9862 9936
97 45 215 239 262 515 573 1041 1112 1132 1291 1343 1478 1552 1598 1849 1893 1895 1912 1915 2150 2160 2270 2330 2357 2447 2499 2542 2634 2883 3152 3236 3289 3307 3317 3328 3543 3618 3620 3685 3733 3764 3799 3926 4028 4084 4153 4220 4347 4374 4404 4557 4572 4704 4834 4873 4925 4959 5055 5058 5063 5075 5199 5246 5351 5526 5536 5667 5702 5837 5885 5902 6141 6175 6242 6565 6750 6893 7037 7142 7477 7695 7717 7792 8051 8053 8121 8126 8352 8466 8625 8639 8669 8776 8963 8977 9015 9098 9228 9366 9428 9470 9554 9565 9715 9731 9778
98 5 118 302 563 708 711 795 837 1009 1056 1080 1154 1178 1455 1473 1509 1534 1540 1735 1767 1792 2077 2381 2637 2788 2841 2843 2965 3060 3196 3240 3371 3834 3858 4034 4074 4266 4339 4437 4512 4536 4571 4673 4833 4849 4994 5046 5092 5196 5441 5480 5540 5596 5635 5787 5882 5925 5942 6187 6218 6307 6505 6519 6627 6703 6785 6860 6910 7028 7239 7529 7676 7767 7808 7899 7903 7967 8020 8070 8076 8087 8217 8243 8287 8461 8602 8680 8710 8880 8916 9058 9328 9438 9458 9827 9958 9963
99 28 119 318 362 419 718 782 877 947 1515 1774 1961 2152 2531 2548 2711 2796 2924 2990 2991 3062 3171 3232 3245 3597 3624 3696 3700 3702 3812 4072 4227 4286 4337 4362 4383 4429 4505 4517 4562 4586 4775 4862 4863 4972 5140 5163 5210 5244 5324 5335 5344 5665 5730 5851 6041 6101 6159 6162 6191 6233 6252 6298 6329 6351 6388 6516 6704 6772 6821 6843 6844 6865 6949 7222 7295 7306 7541 7602 7626 7657 7658 7714 7814 7973 7984 8063 8144 8301 8320 8338 8347 8458 8479 8510 8536 8704 8784 8856 8968 9003 9044 9055 9070 9080 9163 9238 9309 9320 9789 9799
