100
0 1 26 82 91 97 104 152 176 180 293 425 451 505 677 949 1009 1368 1725 2334 2482 2498 2594 3053 3160 4040 4048 4227 6045 6052 6614 6779 8949 
1 4 6 8 11 20 23 60 62 91 100 161 187 236 243 248 251 313 332 356 724 755 1290 1353 1428 1434 2052 2135 2195 2218 2262 2473 2859 3038 3828 6094 8512 8629 
2 1 3 9 16 21 33 50 53 54 65 70 74 110 127 178 180 252 268 293 308 333 348 637 751 867 1039 1311 1495 1516 1562 1845 2264 2878 3774 6359 6504 7702 9547 
3 2 16 19 21 24 76 78 81 134 161 168 173 207 217 222 244 273 426 433 447 499 635 651 1130 1407 1593 1671 1888 2517 2657 2942 3097 3591 4138 5350 6745 8466 8733 
4 18 19 27 76 91 116 120 131 139 155 173 200 229 375 503 511 519 779 891 941 1502 1582 1623 1679 1843 1863 1956 2052 2098 2132 2195 2706 3056 3689 3975 7687 8401 9493 
5 7 8 13 21 33 37 41 67 97 113 117 138 155 168 178 199 286 303 310 362 409 549 599 686 933 953 1209 1310 1541 1648 1702 1756 1889 1966 2478 2498 3110 3881 4552 5160 5197 5863 7497 8044 
6 17 20 24 65 82 90 99 140 166 288 383 519 521 735 736 826 845 1038 1121 1250 1327 1378 1426 1476 1613 2177 2697 2902 2961 3379 3955 4181 4500 4738 6571 6907 7399 8989 
7 31 47 49 59 60 66 81 89 96 133 166 168 173 193 230 316 354 442 458 462 583 584 650 793 822 843 933 1290 1310 1805 1966 2000 2045 3009 3211 6731 6747 9425 9517 
8 30 40 51 107 155 161 163 220 317 475 502 506 658 693 952 1128 1386 1442 2172 2741 2860 3357 4151 5235 5847 6589 6874 7553 7798 8438 
9 0 3 7 9 24 51 56 57 67 75 135 184 188 227 255 285 307 409 425 526 660 968 1223 1283 1397 1554 2158 2178 2380 3100 3249 3642 4259 5063 5127 6549 6729 7820 
10 5 101 124 130 134 138 139 169 224 338 355 371 419 429 476 503 505 544 559 628 687 836 1041 1363 1390 2628 2838 2842 2848 2932 2950 3941 4372 5638 5926 9086 
11 2 48 51 72 76 79 136 138 158 194 234 324 327 347 399 465 477 502 505 633 946 1509 1571 1671 1758 1967 2094 2611 3164 3358 6126 7797 
12 27 54 62 87 104 121 138 144 180 254 295 304 368 382 429 475 484 517 628 773 867 926 1146 1657 2612 2709 3128 3659 3887 4336 4552 4977 6321 7032 7142 7238 8725 
13 6 13 15 17 25 35 39 45 50 126 152 218 233 422 885 1042 1105 1152 1156 1402 1438 1452 1506 1677 1686 1948 1951 1959 1967 2264 2579 2664 3324 3700 4477 5834 
14 22 70 73 99 101 121 128 134 138 148 175 224 264 329 396 437 475 550 760 860 909 936 1378 1587 1866 1902 2153 2619 2986 3768 4104 4133 4474 4685 4895 5850 6571 6604 8076 
15 9 36 41 45 52 54 58 75 87 98 103 132 138 145 170 186 191 255 262 284 405 602 686 886 968 1049 1114 1216 2114 2250 2521 3244 3476 3679 3774 4300 6086 6636 7585 7866 
16 2 36 37 41 58 63 64 117 134 145 148 170 184 196 234 264 435 517 621 625 659 914 992 1026 1210 1332 1401 1583 1754 1979 2048 2156 2385 2522 2967 3502 5526 5792 6097 6450 6696 8365 8875 8938 9295 9471 
17 28 59 66 68 76 187 189 222 258 289 299 580 587 739 948 1396 1435 1436 1621 1667 1816 1951 2333 2809 2844 3282 3488 3532 4335 4807 5027 5893 6249 6783 9351 9798 
18 5 8 18 31 51 56 95 121 152 157 178 242 269 275 286 325 356 362 465 720 939 1052 1071 1222 1243 1322 1604 1687 2146 2929 3626 4781 6475 6787 7214 7557 8703 
19 1 9 15 16 19 30 60 88 179 188 231 252 298 347 358 419 509 539 602 940 961 1011 1216 1414 1737 2233 2444 3119 3563 3699 3790 4120 5167 5294 6697 7387 8488 
20 0 26 41 48 60 84 105 120 126 148 158 206 208 336 379 406 676 805 989 1005 1168 1290 1886 1919 2979 3317 3535 3604 4662 4984 5001 7748 9562 9798 
21 21 22 39 44 59 70 105 121 140 151 183 335 455 459 605 624 665 1654 1739 1806 1954 1996 2832 3644 3849 5270 6082 6510 8843 8886 9061 9175 9465 
22 12 27 36 151 218 270 297 452 515 590 597 703 756 776 950 1057 1216 1317 1522 1611 1765 1971 2244 2247 2346 2848 3706 3883 5357 5627 6531 6558 7266 
23 10 11 32 70 95 122 138 174 244 325 375 457 567 611 750 947 1087 1271 1407 1413 1828 2060 2568 3244 3648 3989 4162 4482 5120 5604 6480 8116 
24 15 16 30 38 47 86 96 99 122 128 135 138 156 161 179 184 240 247 250 252 284 333 366 457 531 583 708 867 923 971 1828 1981 2066 2206 2552 2650 3470 3938 5540 7429 
25 12 27 37 51 90 109 115 129 130 138 140 193 201 227 230 266 270 344 433 1001 1048 1134 1235 1495 1532 2199 2587 3079 3730 4060 4722 6642 7685 
26 45 49 80 122 163 246 327 332 396 784 923 998 1052 1080 1214 1323 1404 1638 1698 1783 1936 1966 2147 3230 3808 4654 4688 5193 5330 5502 6210 8454 
27 10 11 17 32 60 64 72 83 99 100 103 132 139 156 221 226 264 320 381 606 752 980 1066 1251 1434 1494 1558 2060 2700 2703 2724 2848 3097 3403 3824 4524 
28 14 38 42 43 44 46 69 81 97 103 205 315 349 383 408 422 432 478 588 708 815 1017 1108 1263 1460 1552 1643 1694 3617 5412 5921 7431 7854 8871 9338 9517 
29 5 17 37 41 67 127 143 153 158 180 182 196 197 268 350 360 391 404 437 448 723 780 793 1099 1389 1461 2212 2684 5020 6438 9357 
30 3 19 21 36 44 61 67 72 88 149 153 157 207 217 241 296 302 332 347 402 598 602 911 1286 1324 1667 2447 2692 3071 3593 6790 7345 7624 7756 
31 11 40 53 95 118 138 142 155 180 183 203 237 251 254 289 302 402 512 528 554 658 715 1071 1087 1228 1577 1992 2378 2398 3603 5872 9355 9710 
32 3 8 13 30 36 120 123 166 179 186 279 316 339 568 717 774 1208 1512 1799 2288 2340 2509 2978 3511 3975 4589 5046 5136 5246 5414 5469 5561 5675 5820 7013 7301 
33 11 29 31 50 61 69 92 102 113 116 119 178 183 193 336 476 550 698 706 746 796 915 1014 1051 1603 3068 3937 4337 4810 4845 5101 6412 8156 9639 
34 15 17 18 28 38 44 57 69 106 137 154 155 176 198 204 322 340 363 371 395 412 514 587 594 866 1080 1089 1446 1737 1921 2096 2147 2430 2469 3140 4096 4659 5084 5597 6130 6523 6755 
35 14 19 35 42 88 123 138 186 235 259 272 297 316 344 419 471 476 483 529 646 836 1074 1752 1909 1959 2239 3236 4164 5221 6012 6137 7718 7970 8973 9957 
36 8 15 22 24 42 68 77 90 94 102 114 131 152 161 301 410 422 434 458 491 549 618 629 697 709 712 937 1177 1351 1702 1797 2298 2591 3003 3777 3996 4171 4889 5526 6013 9246 9521 
37 20 25 42 45 72 84 100 115 184 208 216 230 266 295 334 341 348 369 395 404 460 508 510 524 822 927 978 1300 1983 2282 2739 4478 5882 6043 7064 7433 7981 
38 37 59 60 61 73 94 110 120 138 155 186 231 271 320 337 355 502 641 718 839 1329 1424 1606 1759 1844 1937 3097 5144 5472 5675 6037 6656 9711 
39 24 25 61 73 91 111 120 138 180 191 267 315 326 330 382 447 636 720 739 820 836 906 942 1000 1154 1329 1671 1871 2080 2114 2393 3694 5359 7637 8992 
40 20 35 64 68 105 125 202 204 210 231 262 284 412 452 526 566 582 1184 1697 1740 1787 1846 1958 3016 3098 4314 4642 4790 6015 6698 7055 7574 
41 20 27 34 63 82 121 137 159 176 210 214 247 250 280 284 331 490 516 561 595 655 669 908 935 1027 1039 1058 1476 1489 1514 1729 2005 2228 3172 3790 4225 4408 5154 7347 7606 9519 9561 
42 18 25 32 47 88 104 111 119 138 144 146 198 224 241 253 272 444 489 612 772 773 795 968 1071 1074 1123 1132 1449 1491 1713 1788 3234 7408 7672 9836 
43 9 15 37 40 46 61 98 117 121 132 159 210 296 302 309 328 371 377 475 653 664 760 772 1296 1384 1495 1566 1876 1889 1894 2433 2507 2904 3317 4630 4838 5689 6820 7986 9359 
44 6 15 24 38 47 53 63 66 69 111 209 231 257 486 566 689 699 708 738 778 884 936 1017 1197 1290 1696 2662 3059 3249 3392 3499 4152 4964 6169 6986 
45 1 8 12 18 32 42 45 49 53 64 69 88 126 155 167 224 280 299 359 496 528 629 693 708 887 888 901 1069 1152 1499 1958 2120 2177 2476 2624 3038 3529 3863 4309 7548 
46 0 14 15 22 27 50 55 74 138 238 300 328 334 361 456 498 513 694 703 801 823 909 1155 1392 1424 1642 1660 1775 2088 2209 3890 4602 4609 4779 5463 6252 
47 13 14 18 23 31 48 58 60 95 125 135 151 224 233 244 346 350 427 459 502 928 1084 1279 1310 1401 1501 1906 1947 3624 3635 3895 4917 5060 5376 7660 8015 8834 9322 
48 8 14 19 21 26 27 34 66 86 91 92 109 124 138 168 287 338 352 401 487 638 709 715 757 997 1052 1104 2683 2849 3320 3412 3935 4450 5489 5779 6879 8355 8947 
49 7 8 9 13 28 47 54 62 63 99 109 119 141 224 245 276 358 388 427 679 756 762 873 977 1061 1119 1279 1446 1482 1499 1522 1593 1628 1671 1883 2177 2551 3520 3561 3710 6165 6767 7231 8004 8180 
50 23 81 83 108 110 137 154 207 234 268 582 761 837 968 1067 1307 1658 1804 2011 2288 2662 3740 4340 4498 5144 6006 6310 8389 
51 5 6 9 14 22 23 33 53 63 70 159 197 198 200 213 246 288 334 383 508 597 725 788 966 977 1224 1417 1728 1989 2410 2420 3586 3824 4606 4705 4847 5031 6237 8783 9234 
52 5 16 27 38 61 120 133 207 212 224 269 270 275 301 309 339 389 498 789 1017 1379 1401 1561 1588 1886 2293 2312 2625 4226 4947 5299 5524 5681 6689 7278 7979 8056 
53 8 24 50 138 146 152 189 213 218 243 246 252 360 494 559 565 566 581 674 798 900 968 1029 1077 1177 1209 1218 1266 1358 2114 2538 3594 4968 6051 6467 7710 
54 8 26 32 35 57 66 75 81 98 143 168 174 177 181 225 231 286 357 387 618 659 663 701 869 883 1102 1836 2666 2751 2824 5313 8457 
55 2 12 13 38 58 65 69 110 129 131 235 247 335 362 374 394 468 516 677 909 1171 1227 1294 1299 1478 1546 1695 1866 2592 2908 3244 4577 4716 5971 6029 6223 8660 9666 9722 
56 3 7 11 43 46 56 66 74 118 123 136 178 181 225 263 303 368 448 499 604 1218 1297 1687 1747 1934 3176 3574 3698 4255 5895 9998 
57 4 27 29 33 46 54 59 93 101 124 145 292 343 358 462 606 845 866 875 968 976 1865 2142 3839 4001 4319 4350 7316 7325 
58 2 15 18 23 26 39 41 48 51 67 101 112 126 138 156 158 257 299 311 319 378 685 703 869 1044 1067 1159 1360 1540 1799 2012 2380 2741 7274 9628 
59 11 21 22 31 58 64 65 75 82 111 127 189 203 216 225 323 554 585 725 762 769 902 977 1011 1264 1412 1429 1566 1728 2187 2295 2479 2980 3843 6238 6408 8601 
60 9 18 59 85 130 132 156 168 199 257 264 280 401 412 474 625 685 753 1128 1148 1213 1304 1361 1513 1723 1756 1775 2025 2160 2380 4247 4837 5269 5442 5985 6379 8743 
61 4 26 41 43 48 53 92 96 99 103 114 158 241 254 277 420 578 635 662 838 869 1270 1737 2429 2430 2693 2887 2976 3215 3624 4630 5570 5997 7030 7291 
62 6 9 13 19 21 24 27 42 47 92 95 117 169 182 211 216 248 510 527 539 672 928 1017 1053 1503 1571 1583 1591 2475 3400 3488 3915 5731 5778 6025 7777 
63 16 43 46 47 48 80 83 106 116 164 321 447 475 570 704 796 900 907 958 1218 1303 1334 1349 1678 1885 2359 2811 3423 3494 3866 3883 4540 6383 8773 
64 16 36 59 91 128 187 205 258 376 399 465 542 622 778 882 969 1044 1094 1121 1212 1616 1726 1817 2097 2659 3200 5329 8386 9000 
65 9 20 22 40 64 102 115 121 131 155 162 172 173 182 220 234 292 294 369 376 472 484 606 708 1337 1356 1369 1494 1944 2076 2167 2385 2862 3901 4378 
66 21 49 55 56 71 90 107 109 119 131 184 230 237 352 355 524 554 600 851 1010 1318 1424 1642 2169 2282 2491 3257 3535 4336 6558 6684 7027 7658 8688 
67 5 7 15 24 38 47 179 205 250 282 472 485 497 543 646 666 721 770 1008 1307 1573 1948 2959 4976 5547 6116 6138 6711 7267 7703 7828 8528 9478 
68 13 31 49 52 57 60 75 83 105 112 136 197 236 246 271 299 331 392 501 530 612 647 714 725 806 896 1251 1258 1366 1393 1466 5582 5817 5848 6357 7792 8241 
69 6 10 17 21 25 26 35 57 80 94 101 128 142 153 155 162 283 302 335 489 522 677 971 1266 1800 1935 1961 3169 4734 
70 34 51 54 57 82 89 102 132 151 158 162 203 315 378 446 501 582 609 708 809 990 1059 1224 1257 1365 1486 1889 1954 2033 2514 2624 2862 3600 3609 3624 4820 5150 5492 5860 7208 9896 
71 27 36 48 54 77 92 109 114 115 131 138 147 189 219 231 243 290 296 309 329 330 358 442 541 628 962 1272 1489 1495 1506 1721 1867 2087 2291 2477 3013 3424 3881 4044 4560 4632 4757 4914 5447 8692 
72 9 10 35 36 54 55 80 150 156 263 328 437 444 481 564 579 952 1974 2092 3243 3511 3935 3972 4525 5773 6348 6599 6642 
73 13 23 28 35 43 48 58 69 71 82 92 158 162 267 307 400 404 465 524 704 898 1114 1680 1733 1953 2028 2315 2689 2796 2857 3425 3797 3862 6188 6668 7059 7448 7497 
74 14 16 17 19 22 38 65 68 69 81 84 138 139 147 199 261 283 316 367 393 462 479 888 1200 1307 1328 1347 2321 2413 2685 2712 3125 4896 5346 5874 7706 8136 8240 
75 3 15 27 32 55 67 92 96 153 194 236 245 250 253 309 338 344 345 583 746 775 981 1072 1119 2193 2266 3106 3797 4063 5990 7463 8006 8150 9134 9718 9768 
76 0 28 35 43 46 47 48 73 94 100 103 104 108 114 128 129 137 155 245 246 305 455 458 542 556 577 691 867 869 900 1342 2060 3228 3279 6288 
77 32 43 48 58 97 113 123 135 144 151 170 181 199 264 276 279 305 342 405 514 1373 1734 3574 3884 4716 5435 5797 6896 6961 7231 7342 
78 1 34 36 74 77 82 114 139 172 183 186 207 251 269 307 414 549 597 607 740 796 1502 2198 2264 2285 2509 2852 3209 3525 3600 3756 4620 4994 5446 5902 6131 6952 7918 
79 0 11 33 79 96 112 152 156 178 199 218 238 257 281 351 485 500 538 636 669 726 837 968 1121 1318 1340 1757 1896 2019 2051 2221 2987 3137 3354 3526 6087 9041 9514 
80 6 11 13 32 63 75 113 133 167 174 225 256 262 285 348 389 556 805 840 968 997 1608 1927 1996 2036 2099 2640 2907 3070 3106 3244 4968 9183 9454 
81 50 51 64 100 161 167 173 178 194 205 245 259 277 359 363 497 528 559 700 715 766 1027 1627 2423 3044 3879 5546 6847 7181 7195 7481 9593 
82 3 5 15 16 21 40 49 52 62 78 112 121 135 145 165 194 225 228 250 339 385 512 625 777 1156 1591 2117 2932 3102 3390 4307 4374 5180 5610 5853 8890 9294 9551 
83 8 21 25 36 39 42 67 71 92 99 138 179 278 280 328 353 406 469 501 554 561 597 714 1027 1127 1388 1532 2591 3110 3730 4051 4090 5005 5361 6137 
84 1 5 7 15 46 50 68 69 93 114 124 133 204 229 243 301 356 403 437 509 513 533 604 653 661 730 1014 1395 1442 2258 2336 2533 3097 3293 4098 5022 6163 6656 7509 9360 
85 8 9 12 18 23 25 26 33 78 82 133 163 196 212 239 260 358 389 501 583 591 651 681 1048 1099 1503 1611 1692 1848 2144 2466 2533 4102 4411 4985 9948 
86 0 6 22 30 47 56 79 89 105 120 138 297 373 399 402 436 507 886 1096 1637 1650 1785 1996 2121 2437 2625 5951 6409 7120 9465 
87 19 32 38 93 101 237 257 281 288 358 397 422 600 756 965 1137 1265 1473 1558 1579 1884 2108 2428 2825 4460 5359 8414 8600 8738 
88 4 15 19 29 47 49 87 103 107 162 213 250 403 470 589 669 854 1010 1058 1080 1263 1515 1859 2295 2408 2552 2739 3194 9040 9556 
89 4 6 34 41 45 102 105 126 140 228 232 261 424 431 484 546 594 794 1033 1107 1163 1172 1354 1416 1472 1756 2201 4346 4730 5028 5931 6327 6361 6518 7218 7732 8028 8156 
90 5 33 39 78 99 120 148 210 283 395 432 436 449 622 654 762 934 1019 1169 1402 1832 1869 1967 2153 2371 3222 3248 3552 3778 4497 4672 4880 6481 7088 7124 7328 8395 8402 8969 9204 
91 4 15 19 30 42 49 55 60 84 103 104 114 121 138 142 151 164 184 210 228 327 407 414 443 473 534 651 654 663 739 859 970 1066 1091 1746 2477 2665 3003 3684 4148 4370 5275 6005 6018 8088 
92 24 43 66 115 116 130 138 184 197 231 543 615 663 742 797 893 1029 1033 1073 1125 1163 1273 1702 1847 2556 2841 3580 4313 4366 4548 4577 9165 9204 9455 
93 12 13 27 39 88 99 125 137 144 149 198 232 257 266 308 315 323 624 733 751 797 859 1133 1308 1458 1514 1741 1771 1940 1986 2930 3497 5381 7591 
94 8 9 10 14 23 29 43 52 55 65 80 82 98 104 127 151 155 252 257 262 277 332 356 396 402 436 554 722 835 982 1181 1506 1548 1604 1948 1953 1966 2610 3141 5819 5878 7995 8734 
95 39 47 60 73 95 97 107 108 138 187 248 259 306 537 812 821 894 902 1053 1909 1925 3154 3414 3543 4150 4529 5330 5620 9365 
96 3 7 8 19 31 52 68 84 89 139 212 229 249 252 354 402 480 509 523 571 715 721 772 1077 1442 1607 2099 2195 2240 2251 2330 2638 2644 2650 4184 5195 6043 
97 1 17 28 88 90 124 134 166 199 251 278 283 397 416 428 534 583 644 795 865 873 879 945 1378 1408 1738 1851 1865 3342 5381 6082 7056 8752 8950 
98 4 16 30 34 37 43 66 73 79 81 88 107 116 155 248 327 374 386 435 463 501 513 538 1201 1358 1556 1853 2056 2365 8890 9664 9786 
99 4 58 78 87 90 97 114 164 313 355 403 471 583 828 867 868 885 914 1292 1309 1326 1646 1912 2151 2425 2520 2752 3230 4687 5697 6502 6843 7848 7934 9382 9391 9569 
